-1.800000000000000000e+02 -1.800000000000000000e+02 0.000000000000000000e+00
-1.800000000000000000e+02 -1.700000000000000000e+02 0.000000000000000000e+00
-1.800000000000000000e+02 -1.600000000000000000e+02 0.000000000000000000e+00
-1.800000000000000000e+02 -1.500000000000000000e+02 0.000000000000000000e+00
-1.800000000000000000e+02 -1.400000000000000000e+02 0.000000000000000000e+00
-1.800000000000000000e+02 -1.300000000000000000e+02 0.000000000000000000e+00
-1.800000000000000000e+02 -1.200000000000000000e+02 0.000000000000000000e+00
-1.800000000000000000e+02 -1.100000000000000000e+02 0.000000000000000000e+00
-1.800000000000000000e+02 -1.000000000000000000e+02 0.000000000000000000e+00
-1.800000000000000000e+02 -9.000000000000000000e+01 0.000000000000000000e+00
-1.800000000000000000e+02 -8.000000000000000000e+01 0.000000000000000000e+00
-1.800000000000000000e+02 -7.000000000000000000e+01 0.000000000000000000e+00
-1.800000000000000000e+02 -6.000000000000000000e+01 0.000000000000000000e+00
-1.800000000000000000e+02 -5.000000000000000000e+01 0.000000000000000000e+00
-1.800000000000000000e+02 -4.000000000000000000e+01 0.000000000000000000e+00
-1.800000000000000000e+02 -3.000000000000000000e+01 0.000000000000000000e+00
-1.800000000000000000e+02 -2.000000000000000000e+01 0.000000000000000000e+00
-1.800000000000000000e+02 -1.000000000000000000e+01 0.000000000000000000e+00
-1.800000000000000000e+02 0.000000000000000000e+00 0.000000000000000000e+00
-1.800000000000000000e+02 1.000000000000000000e+01 0.000000000000000000e+00
-1.800000000000000000e+02 2.000000000000000000e+01 0.000000000000000000e+00
-1.800000000000000000e+02 3.000000000000000000e+01 0.000000000000000000e+00
-1.800000000000000000e+02 4.000000000000000000e+01 0.000000000000000000e+00
-1.800000000000000000e+02 5.000000000000000000e+01 0.000000000000000000e+00
-1.800000000000000000e+02 6.000000000000000000e+01 0.000000000000000000e+00
-1.800000000000000000e+02 7.000000000000000000e+01 0.000000000000000000e+00
-1.800000000000000000e+02 8.000000000000000000e+01 0.000000000000000000e+00
-1.800000000000000000e+02 9.000000000000000000e+01 0.000000000000000000e+00
-1.800000000000000000e+02 1.000000000000000000e+02 0.000000000000000000e+00
-1.800000000000000000e+02 1.100000000000000000e+02 0.000000000000000000e+00
-1.800000000000000000e+02 1.200000000000000000e+02 0.000000000000000000e+00
-1.800000000000000000e+02 1.300000000000000000e+02 0.000000000000000000e+00
-1.800000000000000000e+02 1.400000000000000000e+02 0.000000000000000000e+00
-1.800000000000000000e+02 1.500000000000000000e+02 0.000000000000000000e+00
-1.800000000000000000e+02 1.600000000000000000e+02 0.000000000000000000e+00
-1.800000000000000000e+02 1.700000000000000000e+02 0.000000000000000000e+00
-1.800000000000000000e+02 1.800000000000000000e+02 0.000000000000000000e+00
-1.700000000000000000e+02 -1.800000000000000000e+02 0.000000000000000000e+00
-1.700000000000000000e+02 -1.700000000000000000e+02 0.000000000000000000e+00
-1.700000000000000000e+02 -1.600000000000000000e+02 0.000000000000000000e+00
-1.700000000000000000e+02 -1.500000000000000000e+02 0.000000000000000000e+00
-1.700000000000000000e+02 -1.400000000000000000e+02 0.000000000000000000e+00
-1.700000000000000000e+02 -1.300000000000000000e+02 0.000000000000000000e+00
-1.700000000000000000e+02 -1.200000000000000000e+02 0.000000000000000000e+00
-1.700000000000000000e+02 -1.100000000000000000e+02 0.000000000000000000e+00
-1.700000000000000000e+02 -1.000000000000000000e+02 0.000000000000000000e+00
-1.700000000000000000e+02 -9.000000000000000000e+01 0.000000000000000000e+00
-1.700000000000000000e+02 -8.000000000000000000e+01 0.000000000000000000e+00
-1.700000000000000000e+02 -7.000000000000000000e+01 0.000000000000000000e+00
-1.700000000000000000e+02 -6.000000000000000000e+01 0.000000000000000000e+00
-1.700000000000000000e+02 -5.000000000000000000e+01 0.000000000000000000e+00
-1.700000000000000000e+02 -4.000000000000000000e+01 0.000000000000000000e+00
-1.700000000000000000e+02 -3.000000000000000000e+01 0.000000000000000000e+00
-1.700000000000000000e+02 -2.000000000000000000e+01 0.000000000000000000e+00
-1.700000000000000000e+02 -1.000000000000000000e+01 0.000000000000000000e+00
-1.700000000000000000e+02 0.000000000000000000e+00 0.000000000000000000e+00
-1.700000000000000000e+02 1.000000000000000000e+01 0.000000000000000000e+00
-1.700000000000000000e+02 2.000000000000000000e+01 0.000000000000000000e+00
-1.700000000000000000e+02 3.000000000000000000e+01 0.000000000000000000e+00
-1.700000000000000000e+02 4.000000000000000000e+01 0.000000000000000000e+00
-1.700000000000000000e+02 5.000000000000000000e+01 0.000000000000000000e+00
-1.700000000000000000e+02 6.000000000000000000e+01 0.000000000000000000e+00
-1.700000000000000000e+02 7.000000000000000000e+01 0.000000000000000000e+00
-1.700000000000000000e+02 8.000000000000000000e+01 0.000000000000000000e+00
-1.700000000000000000e+02 9.000000000000000000e+01 0.000000000000000000e+00
-1.700000000000000000e+02 1.000000000000000000e+02 0.000000000000000000e+00
-1.700000000000000000e+02 1.100000000000000000e+02 0.000000000000000000e+00
-1.700000000000000000e+02 1.200000000000000000e+02 0.000000000000000000e+00
-1.700000000000000000e+02 1.300000000000000000e+02 0.000000000000000000e+00
-1.700000000000000000e+02 1.400000000000000000e+02 0.000000000000000000e+00
-1.700000000000000000e+02 1.500000000000000000e+02 0.000000000000000000e+00
-1.700000000000000000e+02 1.600000000000000000e+02 0.000000000000000000e+00
-1.700000000000000000e+02 1.700000000000000000e+02 0.000000000000000000e+00
-1.700000000000000000e+02 1.800000000000000000e+02 0.000000000000000000e+00
-1.600000000000000000e+02 -1.800000000000000000e+02 0.000000000000000000e+00
-1.600000000000000000e+02 -1.700000000000000000e+02 0.000000000000000000e+00
-1.600000000000000000e+02 -1.600000000000000000e+02 0.000000000000000000e+00
-1.600000000000000000e+02 -1.500000000000000000e+02 0.000000000000000000e+00
-1.600000000000000000e+02 -1.400000000000000000e+02 0.000000000000000000e+00
-1.600000000000000000e+02 -1.300000000000000000e+02 0.000000000000000000e+00
-1.600000000000000000e+02 -1.200000000000000000e+02 0.000000000000000000e+00
-1.600000000000000000e+02 -1.100000000000000000e+02 0.000000000000000000e+00
-1.600000000000000000e+02 -1.000000000000000000e+02 0.000000000000000000e+00
-1.600000000000000000e+02 -9.000000000000000000e+01 0.000000000000000000e+00
-1.600000000000000000e+02 -8.000000000000000000e+01 0.000000000000000000e+00
-1.600000000000000000e+02 -7.000000000000000000e+01 0.000000000000000000e+00
-1.600000000000000000e+02 -6.000000000000000000e+01 0.000000000000000000e+00
-1.600000000000000000e+02 -5.000000000000000000e+01 0.000000000000000000e+00
-1.600000000000000000e+02 -4.000000000000000000e+01 0.000000000000000000e+00
-1.600000000000000000e+02 -3.000000000000000000e+01 0.000000000000000000e+00
-1.600000000000000000e+02 -2.000000000000000000e+01 0.000000000000000000e+00
-1.600000000000000000e+02 -1.000000000000000000e+01 0.000000000000000000e+00
-1.600000000000000000e+02 0.000000000000000000e+00 0.000000000000000000e+00
-1.600000000000000000e+02 1.000000000000000000e+01 0.000000000000000000e+00
-1.600000000000000000e+02 2.000000000000000000e+01 0.000000000000000000e+00
-1.600000000000000000e+02 3.000000000000000000e+01 0.000000000000000000e+00
-1.600000000000000000e+02 4.000000000000000000e+01 0.000000000000000000e+00
-1.600000000000000000e+02 5.000000000000000000e+01 0.000000000000000000e+00
-1.600000000000000000e+02 6.000000000000000000e+01 0.000000000000000000e+00
-1.600000000000000000e+02 7.000000000000000000e+01 0.000000000000000000e+00
-1.600000000000000000e+02 8.000000000000000000e+01 0.000000000000000000e+00
-1.600000000000000000e+02 9.000000000000000000e+01 0.000000000000000000e+00
-1.600000000000000000e+02 1.000000000000000000e+02 0.000000000000000000e+00
-1.600000000000000000e+02 1.100000000000000000e+02 0.000000000000000000e+00
-1.600000000000000000e+02 1.200000000000000000e+02 0.000000000000000000e+00
-1.600000000000000000e+02 1.300000000000000000e+02 0.000000000000000000e+00
-1.600000000000000000e+02 1.400000000000000000e+02 0.000000000000000000e+00
-1.600000000000000000e+02 1.500000000000000000e+02 0.000000000000000000e+00
-1.600000000000000000e+02 1.600000000000000000e+02 0.000000000000000000e+00
-1.600000000000000000e+02 1.700000000000000000e+02 0.000000000000000000e+00
-1.600000000000000000e+02 1.800000000000000000e+02 0.000000000000000000e+00
-1.500000000000000000e+02 -1.800000000000000000e+02 0.000000000000000000e+00
-1.500000000000000000e+02 -1.700000000000000000e+02 0.000000000000000000e+00
-1.500000000000000000e+02 -1.600000000000000000e+02 0.000000000000000000e+00
-1.500000000000000000e+02 -1.500000000000000000e+02 0.000000000000000000e+00
-1.500000000000000000e+02 -1.400000000000000000e+02 0.000000000000000000e+00
-1.500000000000000000e+02 -1.300000000000000000e+02 0.000000000000000000e+00
-1.500000000000000000e+02 -1.200000000000000000e+02 0.000000000000000000e+00
-1.500000000000000000e+02 -1.100000000000000000e+02 0.000000000000000000e+00
-1.500000000000000000e+02 -1.000000000000000000e+02 0.000000000000000000e+00
-1.500000000000000000e+02 -9.000000000000000000e+01 0.000000000000000000e+00
-1.500000000000000000e+02 -8.000000000000000000e+01 0.000000000000000000e+00
-1.500000000000000000e+02 -7.000000000000000000e+01 0.000000000000000000e+00
-1.500000000000000000e+02 -6.000000000000000000e+01 0.000000000000000000e+00
-1.500000000000000000e+02 -5.000000000000000000e+01 0.000000000000000000e+00
-1.500000000000000000e+02 -4.000000000000000000e+01 0.000000000000000000e+00
-1.500000000000000000e+02 -3.000000000000000000e+01 0.000000000000000000e+00
-1.500000000000000000e+02 -2.000000000000000000e+01 0.000000000000000000e+00
-1.500000000000000000e+02 -1.000000000000000000e+01 0.000000000000000000e+00
-1.500000000000000000e+02 0.000000000000000000e+00 0.000000000000000000e+00
-1.500000000000000000e+02 1.000000000000000000e+01 0.000000000000000000e+00
-1.500000000000000000e+02 2.000000000000000000e+01 0.000000000000000000e+00
-1.500000000000000000e+02 3.000000000000000000e+01 0.000000000000000000e+00
-1.500000000000000000e+02 4.000000000000000000e+01 0.000000000000000000e+00
-1.500000000000000000e+02 5.000000000000000000e+01 0.000000000000000000e+00
-1.500000000000000000e+02 6.000000000000000000e+01 0.000000000000000000e+00
-1.500000000000000000e+02 7.000000000000000000e+01 0.000000000000000000e+00
-1.500000000000000000e+02 8.000000000000000000e+01 0.000000000000000000e+00
-1.500000000000000000e+02 9.000000000000000000e+01 0.000000000000000000e+00
-1.500000000000000000e+02 1.000000000000000000e+02 0.000000000000000000e+00
-1.500000000000000000e+02 1.100000000000000000e+02 0.000000000000000000e+00
-1.500000000000000000e+02 1.200000000000000000e+02 0.000000000000000000e+00
-1.500000000000000000e+02 1.300000000000000000e+02 0.000000000000000000e+00
-1.500000000000000000e+02 1.400000000000000000e+02 0.000000000000000000e+00
-1.500000000000000000e+02 1.500000000000000000e+02 0.000000000000000000e+00
-1.500000000000000000e+02 1.600000000000000000e+02 0.000000000000000000e+00
-1.500000000000000000e+02 1.700000000000000000e+02 0.000000000000000000e+00
-1.500000000000000000e+02 1.800000000000000000e+02 0.000000000000000000e+00
-1.400000000000000000e+02 -1.800000000000000000e+02 0.000000000000000000e+00
-1.400000000000000000e+02 -1.700000000000000000e+02 0.000000000000000000e+00
-1.400000000000000000e+02 -1.600000000000000000e+02 0.000000000000000000e+00
-1.400000000000000000e+02 -1.500000000000000000e+02 0.000000000000000000e+00
-1.400000000000000000e+02 -1.400000000000000000e+02 0.000000000000000000e+00
-1.400000000000000000e+02 -1.300000000000000000e+02 0.000000000000000000e+00
-1.400000000000000000e+02 -1.200000000000000000e+02 0.000000000000000000e+00
-1.400000000000000000e+02 -1.100000000000000000e+02 0.000000000000000000e+00
-1.400000000000000000e+02 -1.000000000000000000e+02 0.000000000000000000e+00
-1.400000000000000000e+02 -9.000000000000000000e+01 0.000000000000000000e+00
-1.400000000000000000e+02 -8.000000000000000000e+01 0.000000000000000000e+00
-1.400000000000000000e+02 -7.000000000000000000e+01 0.000000000000000000e+00
-1.400000000000000000e+02 -6.000000000000000000e+01 0.000000000000000000e+00
-1.400000000000000000e+02 -5.000000000000000000e+01 0.000000000000000000e+00
-1.400000000000000000e+02 -4.000000000000000000e+01 0.000000000000000000e+00
-1.400000000000000000e+02 -3.000000000000000000e+01 0.000000000000000000e+00
-1.400000000000000000e+02 -2.000000000000000000e+01 0.000000000000000000e+00
-1.400000000000000000e+02 -1.000000000000000000e+01 0.000000000000000000e+00
-1.400000000000000000e+02 0.000000000000000000e+00 0.000000000000000000e+00
-1.400000000000000000e+02 1.000000000000000000e+01 0.000000000000000000e+00
-1.400000000000000000e+02 2.000000000000000000e+01 0.000000000000000000e+00
-1.400000000000000000e+02 3.000000000000000000e+01 0.000000000000000000e+00
-1.400000000000000000e+02 4.000000000000000000e+01 0.000000000000000000e+00
-1.400000000000000000e+02 5.000000000000000000e+01 0.000000000000000000e+00
-1.400000000000000000e+02 6.000000000000000000e+01 0.000000000000000000e+00
-1.400000000000000000e+02 7.000000000000000000e+01 0.000000000000000000e+00
-1.400000000000000000e+02 8.000000000000000000e+01 0.000000000000000000e+00
-1.400000000000000000e+02 9.000000000000000000e+01 0.000000000000000000e+00
-1.400000000000000000e+02 1.000000000000000000e+02 0.000000000000000000e+00
-1.400000000000000000e+02 1.100000000000000000e+02 0.000000000000000000e+00
-1.400000000000000000e+02 1.200000000000000000e+02 0.000000000000000000e+00
-1.400000000000000000e+02 1.300000000000000000e+02 0.000000000000000000e+00
-1.400000000000000000e+02 1.400000000000000000e+02 0.000000000000000000e+00
-1.400000000000000000e+02 1.500000000000000000e+02 0.000000000000000000e+00
-1.400000000000000000e+02 1.600000000000000000e+02 0.000000000000000000e+00
-1.400000000000000000e+02 1.700000000000000000e+02 0.000000000000000000e+00
-1.400000000000000000e+02 1.800000000000000000e+02 0.000000000000000000e+00
-1.300000000000000000e+02 -1.800000000000000000e+02 0.000000000000000000e+00
-1.300000000000000000e+02 -1.700000000000000000e+02 0.000000000000000000e+00
-1.300000000000000000e+02 -1.600000000000000000e+02 0.000000000000000000e+00
-1.300000000000000000e+02 -1.500000000000000000e+02 0.000000000000000000e+00
-1.300000000000000000e+02 -1.400000000000000000e+02 7.838399999999999535e-02
-1.300000000000000000e+02 -1.300000000000000000e+02 2.015619999999999912e-01
-1.300000000000000000e+02 -1.200000000000000000e+02 0.000000000000000000e+00
-1.300000000000000000e+02 -1.100000000000000000e+02 6.608220000000000205e-01
-1.300000000000000000e+02 -1.000000000000000000e+02 8.619970000000000132e-01
-1.300000000000000000e+02 -9.000000000000000000e+01 0.000000000000000000e+00
-1.300000000000000000e+02 -8.000000000000000000e+01 0.000000000000000000e+00
-1.300000000000000000e+02 -7.000000000000000000e+01 0.000000000000000000e+00
-1.300000000000000000e+02 -6.000000000000000000e+01 0.000000000000000000e+00
-1.300000000000000000e+02 -5.000000000000000000e+01 0.000000000000000000e+00
-1.300000000000000000e+02 -4.000000000000000000e+01 0.000000000000000000e+00
-1.300000000000000000e+02 -3.000000000000000000e+01 0.000000000000000000e+00
-1.300000000000000000e+02 -2.000000000000000000e+01 0.000000000000000000e+00
-1.300000000000000000e+02 -1.000000000000000000e+01 0.000000000000000000e+00
-1.300000000000000000e+02 0.000000000000000000e+00 0.000000000000000000e+00
-1.300000000000000000e+02 1.000000000000000000e+01 0.000000000000000000e+00
-1.300000000000000000e+02 2.000000000000000000e+01 0.000000000000000000e+00
-1.300000000000000000e+02 3.000000000000000000e+01 0.000000000000000000e+00
-1.300000000000000000e+02 4.000000000000000000e+01 0.000000000000000000e+00
-1.300000000000000000e+02 5.000000000000000000e+01 0.000000000000000000e+00
-1.300000000000000000e+02 6.000000000000000000e+01 0.000000000000000000e+00
-1.300000000000000000e+02 7.000000000000000000e+01 0.000000000000000000e+00
-1.300000000000000000e+02 8.000000000000000000e+01 0.000000000000000000e+00
-1.300000000000000000e+02 9.000000000000000000e+01 0.000000000000000000e+00
-1.300000000000000000e+02 1.000000000000000000e+02 0.000000000000000000e+00
-1.300000000000000000e+02 1.100000000000000000e+02 0.000000000000000000e+00
-1.300000000000000000e+02 1.200000000000000000e+02 0.000000000000000000e+00
-1.300000000000000000e+02 1.300000000000000000e+02 0.000000000000000000e+00
-1.300000000000000000e+02 1.400000000000000000e+02 0.000000000000000000e+00
-1.300000000000000000e+02 1.500000000000000000e+02 0.000000000000000000e+00
-1.300000000000000000e+02 1.600000000000000000e+02 0.000000000000000000e+00
-1.300000000000000000e+02 1.700000000000000000e+02 0.000000000000000000e+00
-1.300000000000000000e+02 1.800000000000000000e+02 0.000000000000000000e+00
-1.200000000000000000e+02 -1.800000000000000000e+02 0.000000000000000000e+00
-1.200000000000000000e+02 -1.700000000000000000e+02 0.000000000000000000e+00
-1.200000000000000000e+02 -1.600000000000000000e+02 0.000000000000000000e+00
-1.200000000000000000e+02 -1.500000000000000000e+02 0.000000000000000000e+00
-1.200000000000000000e+02 -1.400000000000000000e+02 0.000000000000000000e+00
-1.200000000000000000e+02 -1.300000000000000000e+02 2.111719999999999986e-01
-1.200000000000000000e+02 -1.200000000000000000e+02 1.724128000000000105e+00
-1.200000000000000000e+02 -1.100000000000000000e+02 1.448535900000000076e+01
-1.200000000000000000e+02 -1.000000000000000000e+02 7.954532999999999632e+00
-1.200000000000000000e+02 -9.000000000000000000e+01 8.720154000000000849e+00
-1.200000000000000000e+02 -8.000000000000000000e+01 2.971881000000000217e+00
-1.200000000000000000e+02 -7.000000000000000000e+01 9.913800000000000390e-01
-1.200000000000000000e+02 -6.000000000000000000e+01 0.000000000000000000e+00
-1.200000000000000000e+02 -5.000000000000000000e+01 0.000000000000000000e+00
-1.200000000000000000e+02 -4.000000000000000000e+01 0.000000000000000000e+00
-1.200000000000000000e+02 -3.000000000000000000e+01 0.000000000000000000e+00
-1.200000000000000000e+02 -2.000000000000000000e+01 0.000000000000000000e+00
-1.200000000000000000e+02 -1.000000000000000000e+01 0.000000000000000000e+00
-1.200000000000000000e+02 0.000000000000000000e+00 0.000000000000000000e+00
-1.200000000000000000e+02 1.000000000000000000e+01 0.000000000000000000e+00
-1.200000000000000000e+02 2.000000000000000000e+01 0.000000000000000000e+00
-1.200000000000000000e+02 3.000000000000000000e+01 0.000000000000000000e+00
-1.200000000000000000e+02 4.000000000000000000e+01 0.000000000000000000e+00
-1.200000000000000000e+02 5.000000000000000000e+01 0.000000000000000000e+00
-1.200000000000000000e+02 6.000000000000000000e+01 0.000000000000000000e+00
-1.200000000000000000e+02 7.000000000000000000e+01 0.000000000000000000e+00
-1.200000000000000000e+02 8.000000000000000000e+01 0.000000000000000000e+00
-1.200000000000000000e+02 9.000000000000000000e+01 0.000000000000000000e+00
-1.200000000000000000e+02 1.000000000000000000e+02 0.000000000000000000e+00
-1.200000000000000000e+02 1.100000000000000000e+02 0.000000000000000000e+00
-1.200000000000000000e+02 1.200000000000000000e+02 0.000000000000000000e+00
-1.200000000000000000e+02 1.300000000000000000e+02 0.000000000000000000e+00
-1.200000000000000000e+02 1.400000000000000000e+02 0.000000000000000000e+00
-1.200000000000000000e+02 1.500000000000000000e+02 0.000000000000000000e+00
-1.200000000000000000e+02 1.600000000000000000e+02 0.000000000000000000e+00
-1.200000000000000000e+02 1.700000000000000000e+02 0.000000000000000000e+00
-1.200000000000000000e+02 1.800000000000000000e+02 0.000000000000000000e+00
-1.100000000000000000e+02 -1.800000000000000000e+02 0.000000000000000000e+00
-1.100000000000000000e+02 -1.700000000000000000e+02 0.000000000000000000e+00
-1.100000000000000000e+02 -1.600000000000000000e+02 0.000000000000000000e+00
-1.100000000000000000e+02 -1.500000000000000000e+02 0.000000000000000000e+00
-1.100000000000000000e+02 -1.400000000000000000e+02 8.979499999999999982e-02
-1.100000000000000000e+02 -1.300000000000000000e+02 6.770669999999999744e-01
-1.100000000000000000e+02 -1.200000000000000000e+02 1.138667500000000032e+01
-1.100000000000000000e+02 -1.100000000000000000e+02 3.439420799999999900e+01
-1.100000000000000000e+02 -1.000000000000000000e+02 5.842882499999999624e+01
-1.100000000000000000e+02 -9.000000000000000000e+01 2.727608799999999789e+01
-1.100000000000000000e+02 -8.000000000000000000e+01 7.947479999999999656e+00
-1.100000000000000000e+02 -7.000000000000000000e+01 0.000000000000000000e+00
-1.100000000000000000e+02 -6.000000000000000000e+01 0.000000000000000000e+00
-1.100000000000000000e+02 -5.000000000000000000e+01 0.000000000000000000e+00
-1.100000000000000000e+02 -4.000000000000000000e+01 0.000000000000000000e+00
-1.100000000000000000e+02 -3.000000000000000000e+01 0.000000000000000000e+00
-1.100000000000000000e+02 -2.000000000000000000e+01 0.000000000000000000e+00
-1.100000000000000000e+02 -1.000000000000000000e+01 0.000000000000000000e+00
-1.100000000000000000e+02 0.000000000000000000e+00 0.000000000000000000e+00
-1.100000000000000000e+02 1.000000000000000000e+01 0.000000000000000000e+00
-1.100000000000000000e+02 2.000000000000000000e+01 0.000000000000000000e+00
-1.100000000000000000e+02 3.000000000000000000e+01 0.000000000000000000e+00
-1.100000000000000000e+02 4.000000000000000000e+01 0.000000000000000000e+00
-1.100000000000000000e+02 5.000000000000000000e+01 0.000000000000000000e+00
-1.100000000000000000e+02 6.000000000000000000e+01 0.000000000000000000e+00
-1.100000000000000000e+02 7.000000000000000000e+01 0.000000000000000000e+00
-1.100000000000000000e+02 8.000000000000000000e+01 0.000000000000000000e+00
-1.100000000000000000e+02 9.000000000000000000e+01 0.000000000000000000e+00
-1.100000000000000000e+02 1.000000000000000000e+02 0.000000000000000000e+00
-1.100000000000000000e+02 1.100000000000000000e+02 0.000000000000000000e+00
-1.100000000000000000e+02 1.200000000000000000e+02 0.000000000000000000e+00
-1.100000000000000000e+02 1.300000000000000000e+02 0.000000000000000000e+00
-1.100000000000000000e+02 1.400000000000000000e+02 0.000000000000000000e+00
-1.100000000000000000e+02 1.500000000000000000e+02 0.000000000000000000e+00
-1.100000000000000000e+02 1.600000000000000000e+02 0.000000000000000000e+00
-1.100000000000000000e+02 1.700000000000000000e+02 0.000000000000000000e+00
-1.100000000000000000e+02 1.800000000000000000e+02 0.000000000000000000e+00
-1.000000000000000000e+02 -1.800000000000000000e+02 0.000000000000000000e+00
-1.000000000000000000e+02 -1.700000000000000000e+02 0.000000000000000000e+00
-1.000000000000000000e+02 -1.600000000000000000e+02 0.000000000000000000e+00
-1.000000000000000000e+02 -1.500000000000000000e+02 0.000000000000000000e+00
-1.000000000000000000e+02 -1.400000000000000000e+02 0.000000000000000000e+00
-1.000000000000000000e+02 -1.300000000000000000e+02 5.028386999999999496e+00
-1.000000000000000000e+02 -1.200000000000000000e+02 2.437335899999999711e+01
-1.000000000000000000e+02 -1.100000000000000000e+02 1.114896420000000035e+02
-1.000000000000000000e+02 -1.000000000000000000e+02 1.254044639999999902e+02
-1.000000000000000000e+02 -9.000000000000000000e+01 6.934875300000000209e+01
-1.000000000000000000e+02 -8.000000000000000000e+01 2.387774399999999986e+01
-1.000000000000000000e+02 -7.000000000000000000e+01 1.995174000000000003e+00
-1.000000000000000000e+02 -6.000000000000000000e+01 9.944229999999999459e-01
-1.000000000000000000e+02 -5.000000000000000000e+01 0.000000000000000000e+00
-1.000000000000000000e+02 -4.000000000000000000e+01 0.000000000000000000e+00
-1.000000000000000000e+02 -3.000000000000000000e+01 0.000000000000000000e+00
-1.000000000000000000e+02 -2.000000000000000000e+01 0.000000000000000000e+00
-1.000000000000000000e+02 -1.000000000000000000e+01 0.000000000000000000e+00
-1.000000000000000000e+02 0.000000000000000000e+00 0.000000000000000000e+00
-1.000000000000000000e+02 1.000000000000000000e+01 0.000000000000000000e+00
-1.000000000000000000e+02 2.000000000000000000e+01 0.000000000000000000e+00
-1.000000000000000000e+02 3.000000000000000000e+01 0.000000000000000000e+00
-1.000000000000000000e+02 4.000000000000000000e+01 0.000000000000000000e+00
-1.000000000000000000e+02 5.000000000000000000e+01 0.000000000000000000e+00
-1.000000000000000000e+02 6.000000000000000000e+01 0.000000000000000000e+00
-1.000000000000000000e+02 7.000000000000000000e+01 0.000000000000000000e+00
-1.000000000000000000e+02 8.000000000000000000e+01 0.000000000000000000e+00
-1.000000000000000000e+02 9.000000000000000000e+01 0.000000000000000000e+00
-1.000000000000000000e+02 1.000000000000000000e+02 0.000000000000000000e+00
-1.000000000000000000e+02 1.100000000000000000e+02 0.000000000000000000e+00
-1.000000000000000000e+02 1.200000000000000000e+02 0.000000000000000000e+00
-1.000000000000000000e+02 1.300000000000000000e+02 0.000000000000000000e+00
-1.000000000000000000e+02 1.400000000000000000e+02 0.000000000000000000e+00
-1.000000000000000000e+02 1.500000000000000000e+02 0.000000000000000000e+00
-1.000000000000000000e+02 1.600000000000000000e+02 0.000000000000000000e+00
-1.000000000000000000e+02 1.700000000000000000e+02 0.000000000000000000e+00
-1.000000000000000000e+02 1.800000000000000000e+02 0.000000000000000000e+00
-9.000000000000000000e+01 -1.800000000000000000e+02 0.000000000000000000e+00
-9.000000000000000000e+01 -1.700000000000000000e+02 0.000000000000000000e+00
-9.000000000000000000e+01 -1.600000000000000000e+02 0.000000000000000000e+00
-9.000000000000000000e+01 -1.500000000000000000e+02 0.000000000000000000e+00
-9.000000000000000000e+01 -1.400000000000000000e+02 4.011799999999999811e-01
-9.000000000000000000e+01 -1.300000000000000000e+02 6.697782000000000124e+00
-9.000000000000000000e+01 -1.200000000000000000e+02 9.024864599999999371e+01
-9.000000000000000000e+01 -1.100000000000000000e+02 3.408779700000000048e+02
-9.000000000000000000e+01 -1.000000000000000000e+02 4.267511380000000258e+02
-9.000000000000000000e+01 -9.000000000000000000e+01 2.677941739999999982e+02
-9.000000000000000000e+01 -8.000000000000000000e+01 8.659553699999999310e+01
-9.000000000000000000e+01 -7.000000000000000000e+01 6.989542000000000144e+00
-9.000000000000000000e+01 -6.000000000000000000e+01 0.000000000000000000e+00
-9.000000000000000000e+01 -5.000000000000000000e+01 0.000000000000000000e+00
-9.000000000000000000e+01 -4.000000000000000000e+01 0.000000000000000000e+00
-9.000000000000000000e+01 -3.000000000000000000e+01 0.000000000000000000e+00
-9.000000000000000000e+01 -2.000000000000000000e+01 0.000000000000000000e+00
-9.000000000000000000e+01 -1.000000000000000000e+01 0.000000000000000000e+00
-9.000000000000000000e+01 0.000000000000000000e+00 0.000000000000000000e+00
-9.000000000000000000e+01 1.000000000000000000e+01 0.000000000000000000e+00
-9.000000000000000000e+01 2.000000000000000000e+01 0.000000000000000000e+00
-9.000000000000000000e+01 3.000000000000000000e+01 0.000000000000000000e+00
-9.000000000000000000e+01 4.000000000000000000e+01 0.000000000000000000e+00
-9.000000000000000000e+01 5.000000000000000000e+01 0.000000000000000000e+00
-9.000000000000000000e+01 6.000000000000000000e+01 0.000000000000000000e+00
-9.000000000000000000e+01 7.000000000000000000e+01 0.000000000000000000e+00
-9.000000000000000000e+01 8.000000000000000000e+01 0.000000000000000000e+00
-9.000000000000000000e+01 9.000000000000000000e+01 0.000000000000000000e+00
-9.000000000000000000e+01 1.000000000000000000e+02 0.000000000000000000e+00
-9.000000000000000000e+01 1.100000000000000000e+02 0.000000000000000000e+00
-9.000000000000000000e+01 1.200000000000000000e+02 0.000000000000000000e+00
-9.000000000000000000e+01 1.300000000000000000e+02 0.000000000000000000e+00
-9.000000000000000000e+01 1.400000000000000000e+02 0.000000000000000000e+00
-9.000000000000000000e+01 1.500000000000000000e+02 0.000000000000000000e+00
-9.000000000000000000e+01 1.600000000000000000e+02 0.000000000000000000e+00
-9.000000000000000000e+01 1.700000000000000000e+02 0.000000000000000000e+00
-9.000000000000000000e+01 1.800000000000000000e+02 0.000000000000000000e+00
-8.000000000000000000e+01 -1.800000000000000000e+02 0.000000000000000000e+00
-8.000000000000000000e+01 -1.700000000000000000e+02 0.000000000000000000e+00
-8.000000000000000000e+01 -1.600000000000000000e+02 0.000000000000000000e+00
-8.000000000000000000e+01 -1.500000000000000000e+02 0.000000000000000000e+00
-8.000000000000000000e+01 -1.400000000000000000e+02 8.083759999999999835e-01
-8.000000000000000000e+01 -1.300000000000000000e+02 2.380320000000000036e+01
-8.000000000000000000e+01 -1.200000000000000000e+02 2.834382479999999873e+02
-8.000000000000000000e+01 -1.100000000000000000e+02 1.344933264000000008e+03
-8.000000000000000000e+01 -1.000000000000000000e+02 2.076763979999999719e+03
-8.000000000000000000e+01 -9.000000000000000000e+01 1.400222130000000107e+03
-8.000000000000000000e+01 -8.000000000000000000e+01 4.727071750000000065e+02
-8.000000000000000000e+01 -7.000000000000000000e+01 6.792343200000000536e+01
-8.000000000000000000e+01 -6.000000000000000000e+01 9.981849999999999890e-01
-8.000000000000000000e+01 -5.000000000000000000e+01 0.000000000000000000e+00
-8.000000000000000000e+01 -4.000000000000000000e+01 0.000000000000000000e+00
-8.000000000000000000e+01 -3.000000000000000000e+01 0.000000000000000000e+00
-8.000000000000000000e+01 -2.000000000000000000e+01 0.000000000000000000e+00
-8.000000000000000000e+01 -1.000000000000000000e+01 0.000000000000000000e+00
-8.000000000000000000e+01 0.000000000000000000e+00 0.000000000000000000e+00
-8.000000000000000000e+01 1.000000000000000000e+01 0.000000000000000000e+00
-8.000000000000000000e+01 2.000000000000000000e+01 0.000000000000000000e+00
-8.000000000000000000e+01 3.000000000000000000e+01 0.000000000000000000e+00
-8.000000000000000000e+01 4.000000000000000000e+01 0.000000000000000000e+00
-8.000000000000000000e+01 5.000000000000000000e+01 0.000000000000000000e+00
-8.000000000000000000e+01 6.000000000000000000e+01 0.000000000000000000e+00
-8.000000000000000000e+01 7.000000000000000000e+01 0.000000000000000000e+00
-8.000000000000000000e+01 8.000000000000000000e+01 0.000000000000000000e+00
-8.000000000000000000e+01 9.000000000000000000e+01 0.000000000000000000e+00
-8.000000000000000000e+01 1.000000000000000000e+02 0.000000000000000000e+00
-8.000000000000000000e+01 1.100000000000000000e+02 0.000000000000000000e+00
-8.000000000000000000e+01 1.200000000000000000e+02 0.000000000000000000e+00
-8.000000000000000000e+01 1.300000000000000000e+02 0.000000000000000000e+00
-8.000000000000000000e+01 1.400000000000000000e+02 0.000000000000000000e+00
-8.000000000000000000e+01 1.500000000000000000e+02 0.000000000000000000e+00
-8.000000000000000000e+01 1.600000000000000000e+02 0.000000000000000000e+00
-8.000000000000000000e+01 1.700000000000000000e+02 0.000000000000000000e+00
-8.000000000000000000e+01 1.800000000000000000e+02 0.000000000000000000e+00
-7.000000000000000000e+01 -1.800000000000000000e+02 0.000000000000000000e+00
-7.000000000000000000e+01 -1.700000000000000000e+02 0.000000000000000000e+00
-7.000000000000000000e+01 -1.600000000000000000e+02 0.000000000000000000e+00
-7.000000000000000000e+01 -1.500000000000000000e+02 3.507699999999999707e-02
-7.000000000000000000e+01 -1.400000000000000000e+02 1.722865000000000091e+00
-7.000000000000000000e+01 -1.300000000000000000e+02 8.428302599999999245e+01
-7.000000000000000000e+01 -1.200000000000000000e+02 1.267835471999999982e+03
-7.000000000000000000e+01 -1.100000000000000000e+02 5.804271541999999499e+03
-7.000000000000000000e+01 -1.000000000000000000e+02 9.442721728000000439e+03
-7.000000000000000000e+01 -9.000000000000000000e+01 6.267982254000000466e+03
-7.000000000000000000e+01 -8.000000000000000000e+01 1.761959528999999975e+03
-7.000000000000000000e+01 -7.000000000000000000e+01 1.727818469999999991e+02
-7.000000000000000000e+01 -6.000000000000000000e+01 9.993109999999999493e-01
-7.000000000000000000e+01 -5.000000000000000000e+01 0.000000000000000000e+00
-7.000000000000000000e+01 -4.000000000000000000e+01 0.000000000000000000e+00
-7.000000000000000000e+01 -3.000000000000000000e+01 0.000000000000000000e+00
-7.000000000000000000e+01 -2.000000000000000000e+01 0.000000000000000000e+00
-7.000000000000000000e+01 -1.000000000000000000e+01 0.000000000000000000e+00
-7.000000000000000000e+01 0.000000000000000000e+00 0.000000000000000000e+00
-7.000000000000000000e+01 1.000000000000000000e+01 0.000000000000000000e+00
-7.000000000000000000e+01 2.000000000000000000e+01 0.000000000000000000e+00
-7.000000000000000000e+01 3.000000000000000000e+01 0.000000000000000000e+00
-7.000000000000000000e+01 4.000000000000000000e+01 0.000000000000000000e+00
-7.000000000000000000e+01 5.000000000000000000e+01 0.000000000000000000e+00
-7.000000000000000000e+01 6.000000000000000000e+01 0.000000000000000000e+00
-7.000000000000000000e+01 7.000000000000000000e+01 0.000000000000000000e+00
-7.000000000000000000e+01 8.000000000000000000e+01 0.000000000000000000e+00
-7.000000000000000000e+01 9.000000000000000000e+01 0.000000000000000000e+00
-7.000000000000000000e+01 1.000000000000000000e+02 0.000000000000000000e+00
-7.000000000000000000e+01 1.100000000000000000e+02 0.000000000000000000e+00
-7.000000000000000000e+01 1.200000000000000000e+02 0.000000000000000000e+00
-7.000000000000000000e+01 1.300000000000000000e+02 0.000000000000000000e+00
-7.000000000000000000e+01 1.400000000000000000e+02 0.000000000000000000e+00
-7.000000000000000000e+01 1.500000000000000000e+02 0.000000000000000000e+00
-7.000000000000000000e+01 1.600000000000000000e+02 0.000000000000000000e+00
-7.000000000000000000e+01 1.700000000000000000e+02 0.000000000000000000e+00
-7.000000000000000000e+01 1.800000000000000000e+02 0.000000000000000000e+00
-6.000000000000000000e+01 -1.800000000000000000e+02 0.000000000000000000e+00
-6.000000000000000000e+01 -1.700000000000000000e+02 0.000000000000000000e+00
-6.000000000000000000e+01 -1.600000000000000000e+02 0.000000000000000000e+00
-6.000000000000000000e+01 -1.500000000000000000e+02 0.000000000000000000e+00
-6.000000000000000000e+01 -1.400000000000000000e+02 4.884279999999999511e+00
-6.000000000000000000e+01 -1.300000000000000000e+02 2.152409349999999790e+02
-6.000000000000000000e+01 -1.200000000000000000e+02 3.270976279999999861e+03
-6.000000000000000000e+01 -1.100000000000000000e+02 1.450388916900000004e+04
-6.000000000000000000e+01 -1.000000000000000000e+02 2.195662760999999955e+04
-6.000000000000000000e+01 -9.000000000000000000e+01 1.264820289099999900e+04
-6.000000000000000000e+01 -8.000000000000000000e+01 3.085471708000000035e+03
-6.000000000000000000e+01 -7.000000000000000000e+01 2.591880199999999945e+02
-6.000000000000000000e+01 -6.000000000000000000e+01 7.976823999999999693e+00
-6.000000000000000000e+01 -5.000000000000000000e+01 0.000000000000000000e+00
-6.000000000000000000e+01 -4.000000000000000000e+01 0.000000000000000000e+00
-6.000000000000000000e+01 -3.000000000000000000e+01 0.000000000000000000e+00
-6.000000000000000000e+01 -2.000000000000000000e+01 0.000000000000000000e+00
-6.000000000000000000e+01 -1.000000000000000000e+01 0.000000000000000000e+00
-6.000000000000000000e+01 0.000000000000000000e+00 0.000000000000000000e+00
-6.000000000000000000e+01 1.000000000000000000e+01 0.000000000000000000e+00
-6.000000000000000000e+01 2.000000000000000000e+01 0.000000000000000000e+00
-6.000000000000000000e+01 3.000000000000000000e+01 0.000000000000000000e+00
-6.000000000000000000e+01 4.000000000000000000e+01 0.000000000000000000e+00
-6.000000000000000000e+01 5.000000000000000000e+01 0.000000000000000000e+00
-6.000000000000000000e+01 6.000000000000000000e+01 0.000000000000000000e+00
-6.000000000000000000e+01 7.000000000000000000e+01 0.000000000000000000e+00
-6.000000000000000000e+01 8.000000000000000000e+01 0.000000000000000000e+00
-6.000000000000000000e+01 9.000000000000000000e+01 0.000000000000000000e+00
-6.000000000000000000e+01 1.000000000000000000e+02 0.000000000000000000e+00
-6.000000000000000000e+01 1.100000000000000000e+02 0.000000000000000000e+00
-6.000000000000000000e+01 1.200000000000000000e+02 0.000000000000000000e+00
-6.000000000000000000e+01 1.300000000000000000e+02 0.000000000000000000e+00
-6.000000000000000000e+01 1.400000000000000000e+02 0.000000000000000000e+00
-6.000000000000000000e+01 1.500000000000000000e+02 0.000000000000000000e+00
-6.000000000000000000e+01 1.600000000000000000e+02 0.000000000000000000e+00
-6.000000000000000000e+01 1.700000000000000000e+02 0.000000000000000000e+00
-6.000000000000000000e+01 1.800000000000000000e+02 0.000000000000000000e+00
-5.000000000000000000e+01 -1.800000000000000000e+02 0.000000000000000000e+00
-5.000000000000000000e+01 -1.700000000000000000e+02 0.000000000000000000e+00
-5.000000000000000000e+01 -1.600000000000000000e+02 0.000000000000000000e+00
-5.000000000000000000e+01 -1.500000000000000000e+02 4.947700000000000015e-02
-5.000000000000000000e+01 -1.400000000000000000e+02 6.270299999999999763e+00
-5.000000000000000000e+01 -1.300000000000000000e+02 2.241253300000000195e+02
-5.000000000000000000e+01 -1.200000000000000000e+02 3.000898949999999786e+03
-5.000000000000000000e+01 -1.100000000000000000e+02 1.321800975599999947e+04
-5.000000000000000000e+01 -1.000000000000000000e+02 1.883823212799999965e+04
-5.000000000000000000e+01 -9.000000000000000000e+01 9.783945896000001085e+03
-5.000000000000000000e+01 -8.000000000000000000e+01 2.046131370000000061e+03
-5.000000000000000000e+01 -7.000000000000000000e+01 1.422743040000000008e+02
-5.000000000000000000e+01 -6.000000000000000000e+01 4.932039999999999758e+00
-5.000000000000000000e+01 -5.000000000000000000e+01 0.000000000000000000e+00
-5.000000000000000000e+01 -4.000000000000000000e+01 0.000000000000000000e+00
-5.000000000000000000e+01 -3.000000000000000000e+01 0.000000000000000000e+00
-5.000000000000000000e+01 -2.000000000000000000e+01 0.000000000000000000e+00
-5.000000000000000000e+01 -1.000000000000000000e+01 0.000000000000000000e+00
-5.000000000000000000e+01 0.000000000000000000e+00 0.000000000000000000e+00
-5.000000000000000000e+01 1.000000000000000000e+01 0.000000000000000000e+00
-5.000000000000000000e+01 2.000000000000000000e+01 0.000000000000000000e+00
-5.000000000000000000e+01 3.000000000000000000e+01 0.000000000000000000e+00
-5.000000000000000000e+01 4.000000000000000000e+01 0.000000000000000000e+00
-5.000000000000000000e+01 5.000000000000000000e+01 0.000000000000000000e+00
-5.000000000000000000e+01 6.000000000000000000e+01 0.000000000000000000e+00
-5.000000000000000000e+01 7.000000000000000000e+01 0.000000000000000000e+00
-5.000000000000000000e+01 8.000000000000000000e+01 0.000000000000000000e+00
-5.000000000000000000e+01 9.000000000000000000e+01 0.000000000000000000e+00
-5.000000000000000000e+01 1.000000000000000000e+02 0.000000000000000000e+00
-5.000000000000000000e+01 1.100000000000000000e+02 0.000000000000000000e+00
-5.000000000000000000e+01 1.200000000000000000e+02 0.000000000000000000e+00
-5.000000000000000000e+01 1.300000000000000000e+02 0.000000000000000000e+00
-5.000000000000000000e+01 1.400000000000000000e+02 0.000000000000000000e+00
-5.000000000000000000e+01 1.500000000000000000e+02 0.000000000000000000e+00
-5.000000000000000000e+01 1.600000000000000000e+02 0.000000000000000000e+00
-5.000000000000000000e+01 1.700000000000000000e+02 0.000000000000000000e+00
-5.000000000000000000e+01 1.800000000000000000e+02 0.000000000000000000e+00
-4.000000000000000000e+01 -1.800000000000000000e+02 0.000000000000000000e+00
-4.000000000000000000e+01 -1.700000000000000000e+02 0.000000000000000000e+00
-4.000000000000000000e+01 -1.600000000000000000e+02 0.000000000000000000e+00
-4.000000000000000000e+01 -1.500000000000000000e+02 0.000000000000000000e+00
-4.000000000000000000e+01 -1.400000000000000000e+02 1.619774999999999965e+00
-4.000000000000000000e+01 -1.300000000000000000e+02 7.983544799999999952e+01
-4.000000000000000000e+01 -1.200000000000000000e+02 1.035891660000000002e+03
-4.000000000000000000e+01 -1.100000000000000000e+02 4.453705079999999725e+03
-4.000000000000000000e+01 -1.000000000000000000e+02 6.507762974999999642e+03
-4.000000000000000000e+01 -9.000000000000000000e+01 3.183490205000000060e+03
-4.000000000000000000e+01 -8.000000000000000000e+01 6.497252539999999499e+02
-4.000000000000000000e+01 -7.000000000000000000e+01 5.271975499999999926e+01
-4.000000000000000000e+01 -6.000000000000000000e+01 9.736289999999999667e-01
-4.000000000000000000e+01 -5.000000000000000000e+01 0.000000000000000000e+00
-4.000000000000000000e+01 -4.000000000000000000e+01 0.000000000000000000e+00
-4.000000000000000000e+01 -3.000000000000000000e+01 0.000000000000000000e+00
-4.000000000000000000e+01 -2.000000000000000000e+01 0.000000000000000000e+00
-4.000000000000000000e+01 -1.000000000000000000e+01 0.000000000000000000e+00
-4.000000000000000000e+01 0.000000000000000000e+00 0.000000000000000000e+00
-4.000000000000000000e+01 1.000000000000000000e+01 0.000000000000000000e+00
-4.000000000000000000e+01 2.000000000000000000e+01 0.000000000000000000e+00
-4.000000000000000000e+01 3.000000000000000000e+01 0.000000000000000000e+00
-4.000000000000000000e+01 4.000000000000000000e+01 0.000000000000000000e+00
-4.000000000000000000e+01 5.000000000000000000e+01 0.000000000000000000e+00
-4.000000000000000000e+01 6.000000000000000000e+01 0.000000000000000000e+00
-4.000000000000000000e+01 7.000000000000000000e+01 0.000000000000000000e+00
-4.000000000000000000e+01 8.000000000000000000e+01 0.000000000000000000e+00
-4.000000000000000000e+01 9.000000000000000000e+01 0.000000000000000000e+00
-4.000000000000000000e+01 1.000000000000000000e+02 0.000000000000000000e+00
-4.000000000000000000e+01 1.100000000000000000e+02 0.000000000000000000e+00
-4.000000000000000000e+01 1.200000000000000000e+02 0.000000000000000000e+00
-4.000000000000000000e+01 1.300000000000000000e+02 0.000000000000000000e+00
-4.000000000000000000e+01 1.400000000000000000e+02 0.000000000000000000e+00
-4.000000000000000000e+01 1.500000000000000000e+02 0.000000000000000000e+00
-4.000000000000000000e+01 1.600000000000000000e+02 0.000000000000000000e+00
-4.000000000000000000e+01 1.700000000000000000e+02 0.000000000000000000e+00
-4.000000000000000000e+01 1.800000000000000000e+02 0.000000000000000000e+00
-3.000000000000000000e+01 -1.800000000000000000e+02 0.000000000000000000e+00
-3.000000000000000000e+01 -1.700000000000000000e+02 0.000000000000000000e+00
-3.000000000000000000e+01 -1.600000000000000000e+02 0.000000000000000000e+00
-3.000000000000000000e+01 -1.500000000000000000e+02 0.000000000000000000e+00
-3.000000000000000000e+01 -1.400000000000000000e+02 0.000000000000000000e+00
-3.000000000000000000e+01 -1.300000000000000000e+02 1.021048599999999951e+01
-3.000000000000000000e+01 -1.200000000000000000e+02 1.604554350000000227e+02
-3.000000000000000000e+01 -1.100000000000000000e+02 7.309578320000000531e+02
-3.000000000000000000e+01 -1.000000000000000000e+02 1.165005308000000014e+03
-3.000000000000000000e+01 -9.000000000000000000e+01 6.726383899999999585e+02
-3.000000000000000000e+01 -8.000000000000000000e+01 1.081464690000000104e+02
-3.000000000000000000e+01 -7.000000000000000000e+01 7.072248000000000090e+00
-3.000000000000000000e+01 -6.000000000000000000e+01 0.000000000000000000e+00
-3.000000000000000000e+01 -5.000000000000000000e+01 0.000000000000000000e+00
-3.000000000000000000e+01 -4.000000000000000000e+01 0.000000000000000000e+00
-3.000000000000000000e+01 -3.000000000000000000e+01 0.000000000000000000e+00
-3.000000000000000000e+01 -2.000000000000000000e+01 0.000000000000000000e+00
-3.000000000000000000e+01 -1.000000000000000000e+01 0.000000000000000000e+00
-3.000000000000000000e+01 0.000000000000000000e+00 0.000000000000000000e+00
-3.000000000000000000e+01 1.000000000000000000e+01 0.000000000000000000e+00
-3.000000000000000000e+01 2.000000000000000000e+01 0.000000000000000000e+00
-3.000000000000000000e+01 3.000000000000000000e+01 0.000000000000000000e+00
-3.000000000000000000e+01 4.000000000000000000e+01 0.000000000000000000e+00
-3.000000000000000000e+01 5.000000000000000000e+01 0.000000000000000000e+00
-3.000000000000000000e+01 6.000000000000000000e+01 0.000000000000000000e+00
-3.000000000000000000e+01 7.000000000000000000e+01 0.000000000000000000e+00
-3.000000000000000000e+01 8.000000000000000000e+01 0.000000000000000000e+00
-3.000000000000000000e+01 9.000000000000000000e+01 0.000000000000000000e+00
-3.000000000000000000e+01 1.000000000000000000e+02 0.000000000000000000e+00
-3.000000000000000000e+01 1.100000000000000000e+02 0.000000000000000000e+00
-3.000000000000000000e+01 1.200000000000000000e+02 0.000000000000000000e+00
-3.000000000000000000e+01 1.300000000000000000e+02 0.000000000000000000e+00
-3.000000000000000000e+01 1.400000000000000000e+02 0.000000000000000000e+00
-3.000000000000000000e+01 1.500000000000000000e+02 0.000000000000000000e+00
-3.000000000000000000e+01 1.600000000000000000e+02 0.000000000000000000e+00
-3.000000000000000000e+01 1.700000000000000000e+02 0.000000000000000000e+00
-3.000000000000000000e+01 1.800000000000000000e+02 0.000000000000000000e+00
-2.000000000000000000e+01 -1.800000000000000000e+02 0.000000000000000000e+00
-2.000000000000000000e+01 -1.700000000000000000e+02 0.000000000000000000e+00
-2.000000000000000000e+01 -1.600000000000000000e+02 0.000000000000000000e+00
-2.000000000000000000e+01 -1.500000000000000000e+02 0.000000000000000000e+00
-2.000000000000000000e+01 -1.400000000000000000e+02 0.000000000000000000e+00
-2.000000000000000000e+01 -1.300000000000000000e+02 1.171869999999999967e+00
-2.000000000000000000e+01 -1.200000000000000000e+02 1.242619199999999857e+01
-2.000000000000000000e+01 -1.100000000000000000e+02 6.959754000000000929e+01
-2.000000000000000000e+01 -1.000000000000000000e+02 1.458218040000000144e+02
-2.000000000000000000e+01 -9.000000000000000000e+01 9.727436199999999644e+01
-2.000000000000000000e+01 -8.000000000000000000e+01 1.743755200000000016e+01
-2.000000000000000000e+01 -7.000000000000000000e+01 3.125388000000000055e+00
-2.000000000000000000e+01 -6.000000000000000000e+01 0.000000000000000000e+00
-2.000000000000000000e+01 -5.000000000000000000e+01 0.000000000000000000e+00
-2.000000000000000000e+01 -4.000000000000000000e+01 0.000000000000000000e+00
-2.000000000000000000e+01 -3.000000000000000000e+01 0.000000000000000000e+00
-2.000000000000000000e+01 -2.000000000000000000e+01 0.000000000000000000e+00
-2.000000000000000000e+01 -1.000000000000000000e+01 0.000000000000000000e+00
-2.000000000000000000e+01 0.000000000000000000e+00 0.000000000000000000e+00
-2.000000000000000000e+01 1.000000000000000000e+01 0.000000000000000000e+00
-2.000000000000000000e+01 2.000000000000000000e+01 0.000000000000000000e+00
-2.000000000000000000e+01 3.000000000000000000e+01 0.000000000000000000e+00
-2.000000000000000000e+01 4.000000000000000000e+01 0.000000000000000000e+00
-2.000000000000000000e+01 5.000000000000000000e+01 0.000000000000000000e+00
-2.000000000000000000e+01 6.000000000000000000e+01 0.000000000000000000e+00
-2.000000000000000000e+01 7.000000000000000000e+01 0.000000000000000000e+00
-2.000000000000000000e+01 8.000000000000000000e+01 0.000000000000000000e+00
-2.000000000000000000e+01 9.000000000000000000e+01 0.000000000000000000e+00
-2.000000000000000000e+01 1.000000000000000000e+02 0.000000000000000000e+00
-2.000000000000000000e+01 1.100000000000000000e+02 0.000000000000000000e+00
-2.000000000000000000e+01 1.200000000000000000e+02 0.000000000000000000e+00
-2.000000000000000000e+01 1.300000000000000000e+02 0.000000000000000000e+00
-2.000000000000000000e+01 1.400000000000000000e+02 0.000000000000000000e+00
-2.000000000000000000e+01 1.500000000000000000e+02 0.000000000000000000e+00
-2.000000000000000000e+01 1.600000000000000000e+02 0.000000000000000000e+00
-2.000000000000000000e+01 1.700000000000000000e+02 0.000000000000000000e+00
-2.000000000000000000e+01 1.800000000000000000e+02 0.000000000000000000e+00
-1.000000000000000000e+01 -1.800000000000000000e+02 0.000000000000000000e+00
-1.000000000000000000e+01 -1.700000000000000000e+02 0.000000000000000000e+00
-1.000000000000000000e+01 -1.600000000000000000e+02 0.000000000000000000e+00
-1.000000000000000000e+01 -1.500000000000000000e+02 0.000000000000000000e+00
-1.000000000000000000e+01 -1.400000000000000000e+02 0.000000000000000000e+00
-1.000000000000000000e+01 -1.300000000000000000e+02 0.000000000000000000e+00
-1.000000000000000000e+01 -1.200000000000000000e+02 0.000000000000000000e+00
-1.000000000000000000e+01 -1.100000000000000000e+02 6.970194000000000223e+00
-1.000000000000000000e+01 -1.000000000000000000e+02 3.177501600000000082e+01
-1.000000000000000000e+01 -9.000000000000000000e+01 3.800175000000000125e+01
-1.000000000000000000e+01 -8.000000000000000000e+01 7.171973999999999627e+00
-1.000000000000000000e+01 -7.000000000000000000e+01 0.000000000000000000e+00
-1.000000000000000000e+01 -6.000000000000000000e+01 0.000000000000000000e+00
-1.000000000000000000e+01 -5.000000000000000000e+01 0.000000000000000000e+00
-1.000000000000000000e+01 -4.000000000000000000e+01 0.000000000000000000e+00
-1.000000000000000000e+01 -3.000000000000000000e+01 0.000000000000000000e+00
-1.000000000000000000e+01 -2.000000000000000000e+01 0.000000000000000000e+00
-1.000000000000000000e+01 -1.000000000000000000e+01 0.000000000000000000e+00
-1.000000000000000000e+01 0.000000000000000000e+00 0.000000000000000000e+00
-1.000000000000000000e+01 1.000000000000000000e+01 0.000000000000000000e+00
-1.000000000000000000e+01 2.000000000000000000e+01 0.000000000000000000e+00
-1.000000000000000000e+01 3.000000000000000000e+01 0.000000000000000000e+00
-1.000000000000000000e+01 4.000000000000000000e+01 0.000000000000000000e+00
-1.000000000000000000e+01 5.000000000000000000e+01 0.000000000000000000e+00
-1.000000000000000000e+01 6.000000000000000000e+01 0.000000000000000000e+00
-1.000000000000000000e+01 7.000000000000000000e+01 0.000000000000000000e+00
-1.000000000000000000e+01 8.000000000000000000e+01 0.000000000000000000e+00
-1.000000000000000000e+01 9.000000000000000000e+01 0.000000000000000000e+00
-1.000000000000000000e+01 1.000000000000000000e+02 0.000000000000000000e+00
-1.000000000000000000e+01 1.100000000000000000e+02 0.000000000000000000e+00
-1.000000000000000000e+01 1.200000000000000000e+02 0.000000000000000000e+00
-1.000000000000000000e+01 1.300000000000000000e+02 0.000000000000000000e+00
-1.000000000000000000e+01 1.400000000000000000e+02 0.000000000000000000e+00
-1.000000000000000000e+01 1.500000000000000000e+02 0.000000000000000000e+00
-1.000000000000000000e+01 1.600000000000000000e+02 0.000000000000000000e+00
-1.000000000000000000e+01 1.700000000000000000e+02 0.000000000000000000e+00
-1.000000000000000000e+01 1.800000000000000000e+02 0.000000000000000000e+00
0.000000000000000000e+00 -1.800000000000000000e+02 0.000000000000000000e+00
0.000000000000000000e+00 -1.700000000000000000e+02 0.000000000000000000e+00
0.000000000000000000e+00 -1.600000000000000000e+02 0.000000000000000000e+00
0.000000000000000000e+00 -1.500000000000000000e+02 0.000000000000000000e+00
0.000000000000000000e+00 -1.400000000000000000e+02 0.000000000000000000e+00
0.000000000000000000e+00 -1.300000000000000000e+02 0.000000000000000000e+00
0.000000000000000000e+00 -1.200000000000000000e+02 0.000000000000000000e+00
0.000000000000000000e+00 -1.100000000000000000e+02 3.877999999999999670e+00
0.000000000000000000e+00 -1.000000000000000000e+02 1.938441599999999809e+01
0.000000000000000000e+00 -9.000000000000000000e+01 4.644287200000000126e+01
0.000000000000000000e+00 -8.000000000000000000e+01 3.231185100000000432e+01
0.000000000000000000e+00 -7.000000000000000000e+01 0.000000000000000000e+00
0.000000000000000000e+00 -6.000000000000000000e+01 0.000000000000000000e+00
0.000000000000000000e+00 -5.000000000000000000e+01 0.000000000000000000e+00
0.000000000000000000e+00 -4.000000000000000000e+01 0.000000000000000000e+00
0.000000000000000000e+00 -3.000000000000000000e+01 0.000000000000000000e+00
0.000000000000000000e+00 -2.000000000000000000e+01 0.000000000000000000e+00
0.000000000000000000e+00 -1.000000000000000000e+01 0.000000000000000000e+00
0.000000000000000000e+00 0.000000000000000000e+00 0.000000000000000000e+00
0.000000000000000000e+00 1.000000000000000000e+01 0.000000000000000000e+00
0.000000000000000000e+00 2.000000000000000000e+01 0.000000000000000000e+00
0.000000000000000000e+00 3.000000000000000000e+01 0.000000000000000000e+00
0.000000000000000000e+00 4.000000000000000000e+01 0.000000000000000000e+00
0.000000000000000000e+00 5.000000000000000000e+01 0.000000000000000000e+00
0.000000000000000000e+00 6.000000000000000000e+01 0.000000000000000000e+00
0.000000000000000000e+00 7.000000000000000000e+01 0.000000000000000000e+00
0.000000000000000000e+00 8.000000000000000000e+01 0.000000000000000000e+00
0.000000000000000000e+00 9.000000000000000000e+01 0.000000000000000000e+00
0.000000000000000000e+00 1.000000000000000000e+02 0.000000000000000000e+00
0.000000000000000000e+00 1.100000000000000000e+02 0.000000000000000000e+00
0.000000000000000000e+00 1.200000000000000000e+02 0.000000000000000000e+00
0.000000000000000000e+00 1.300000000000000000e+02 0.000000000000000000e+00
0.000000000000000000e+00 1.400000000000000000e+02 0.000000000000000000e+00
0.000000000000000000e+00 1.500000000000000000e+02 0.000000000000000000e+00
0.000000000000000000e+00 1.600000000000000000e+02 0.000000000000000000e+00
0.000000000000000000e+00 1.700000000000000000e+02 0.000000000000000000e+00
0.000000000000000000e+00 1.800000000000000000e+02 0.000000000000000000e+00
1.000000000000000000e+01 -1.800000000000000000e+02 0.000000000000000000e+00
1.000000000000000000e+01 -1.700000000000000000e+02 0.000000000000000000e+00
1.000000000000000000e+01 -1.600000000000000000e+02 0.000000000000000000e+00
1.000000000000000000e+01 -1.500000000000000000e+02 0.000000000000000000e+00
1.000000000000000000e+01 -1.400000000000000000e+02 0.000000000000000000e+00
1.000000000000000000e+01 -1.300000000000000000e+02 0.000000000000000000e+00
1.000000000000000000e+01 -1.200000000000000000e+02 0.000000000000000000e+00
1.000000000000000000e+01 -1.100000000000000000e+02 0.000000000000000000e+00
1.000000000000000000e+01 -1.000000000000000000e+02 8.080000000000000515e-01
1.000000000000000000e+01 -9.000000000000000000e+01 1.324984000000000073e+01
1.000000000000000000e+01 -8.000000000000000000e+01 2.268672300000000064e+01
1.000000000000000000e+01 -7.000000000000000000e+01 1.006921200000000027e+01
1.000000000000000000e+01 -6.000000000000000000e+01 0.000000000000000000e+00
1.000000000000000000e+01 -5.000000000000000000e+01 0.000000000000000000e+00
1.000000000000000000e+01 -4.000000000000000000e+01 0.000000000000000000e+00
1.000000000000000000e+01 -3.000000000000000000e+01 0.000000000000000000e+00
1.000000000000000000e+01 -2.000000000000000000e+01 0.000000000000000000e+00
1.000000000000000000e+01 -1.000000000000000000e+01 0.000000000000000000e+00
1.000000000000000000e+01 0.000000000000000000e+00 0.000000000000000000e+00
1.000000000000000000e+01 1.000000000000000000e+01 0.000000000000000000e+00
1.000000000000000000e+01 2.000000000000000000e+01 0.000000000000000000e+00
1.000000000000000000e+01 3.000000000000000000e+01 0.000000000000000000e+00
1.000000000000000000e+01 4.000000000000000000e+01 0.000000000000000000e+00
1.000000000000000000e+01 5.000000000000000000e+01 0.000000000000000000e+00
1.000000000000000000e+01 6.000000000000000000e+01 0.000000000000000000e+00
1.000000000000000000e+01 7.000000000000000000e+01 0.000000000000000000e+00
1.000000000000000000e+01 8.000000000000000000e+01 0.000000000000000000e+00
1.000000000000000000e+01 9.000000000000000000e+01 0.000000000000000000e+00
1.000000000000000000e+01 1.000000000000000000e+02 0.000000000000000000e+00
1.000000000000000000e+01 1.100000000000000000e+02 0.000000000000000000e+00
1.000000000000000000e+01 1.200000000000000000e+02 0.000000000000000000e+00
1.000000000000000000e+01 1.300000000000000000e+02 0.000000000000000000e+00
1.000000000000000000e+01 1.400000000000000000e+02 0.000000000000000000e+00
1.000000000000000000e+01 1.500000000000000000e+02 0.000000000000000000e+00
1.000000000000000000e+01 1.600000000000000000e+02 0.000000000000000000e+00
1.000000000000000000e+01 1.700000000000000000e+02 0.000000000000000000e+00
1.000000000000000000e+01 1.800000000000000000e+02 0.000000000000000000e+00
2.000000000000000000e+01 -1.800000000000000000e+02 0.000000000000000000e+00
2.000000000000000000e+01 -1.700000000000000000e+02 0.000000000000000000e+00
2.000000000000000000e+01 -1.600000000000000000e+02 0.000000000000000000e+00
2.000000000000000000e+01 -1.500000000000000000e+02 0.000000000000000000e+00
2.000000000000000000e+01 -1.400000000000000000e+02 0.000000000000000000e+00
2.000000000000000000e+01 -1.300000000000000000e+02 0.000000000000000000e+00
2.000000000000000000e+01 -1.200000000000000000e+02 0.000000000000000000e+00
2.000000000000000000e+01 -1.100000000000000000e+02 0.000000000000000000e+00
2.000000000000000000e+01 -1.000000000000000000e+02 0.000000000000000000e+00
2.000000000000000000e+01 -9.000000000000000000e+01 1.668665999999999983e+00
2.000000000000000000e+01 -8.000000000000000000e+01 1.780054499999999962e+01
2.000000000000000000e+01 -7.000000000000000000e+01 1.450865000000000116e+01
2.000000000000000000e+01 -6.000000000000000000e+01 8.480790000000000273e-01
2.000000000000000000e+01 -5.000000000000000000e+01 0.000000000000000000e+00
2.000000000000000000e+01 -4.000000000000000000e+01 0.000000000000000000e+00
2.000000000000000000e+01 -3.000000000000000000e+01 0.000000000000000000e+00
2.000000000000000000e+01 -2.000000000000000000e+01 0.000000000000000000e+00
2.000000000000000000e+01 -1.000000000000000000e+01 0.000000000000000000e+00
2.000000000000000000e+01 0.000000000000000000e+00 0.000000000000000000e+00
2.000000000000000000e+01 1.000000000000000000e+01 0.000000000000000000e+00
2.000000000000000000e+01 2.000000000000000000e+01 0.000000000000000000e+00
2.000000000000000000e+01 3.000000000000000000e+01 0.000000000000000000e+00
2.000000000000000000e+01 4.000000000000000000e+01 0.000000000000000000e+00
2.000000000000000000e+01 5.000000000000000000e+01 0.000000000000000000e+00
2.000000000000000000e+01 6.000000000000000000e+01 0.000000000000000000e+00
2.000000000000000000e+01 7.000000000000000000e+01 0.000000000000000000e+00
2.000000000000000000e+01 8.000000000000000000e+01 0.000000000000000000e+00
2.000000000000000000e+01 9.000000000000000000e+01 0.000000000000000000e+00
2.000000000000000000e+01 1.000000000000000000e+02 0.000000000000000000e+00
2.000000000000000000e+01 1.100000000000000000e+02 0.000000000000000000e+00
2.000000000000000000e+01 1.200000000000000000e+02 0.000000000000000000e+00
2.000000000000000000e+01 1.300000000000000000e+02 0.000000000000000000e+00
2.000000000000000000e+01 1.400000000000000000e+02 0.000000000000000000e+00
2.000000000000000000e+01 1.500000000000000000e+02 0.000000000000000000e+00
2.000000000000000000e+01 1.600000000000000000e+02 0.000000000000000000e+00
2.000000000000000000e+01 1.700000000000000000e+02 0.000000000000000000e+00
2.000000000000000000e+01 1.800000000000000000e+02 0.000000000000000000e+00
3.000000000000000000e+01 -1.800000000000000000e+02 0.000000000000000000e+00
3.000000000000000000e+01 -1.700000000000000000e+02 0.000000000000000000e+00
3.000000000000000000e+01 -1.600000000000000000e+02 0.000000000000000000e+00
3.000000000000000000e+01 -1.500000000000000000e+02 0.000000000000000000e+00
3.000000000000000000e+01 -1.400000000000000000e+02 0.000000000000000000e+00
3.000000000000000000e+01 -1.300000000000000000e+02 0.000000000000000000e+00
3.000000000000000000e+01 -1.200000000000000000e+02 0.000000000000000000e+00
3.000000000000000000e+01 -1.100000000000000000e+02 0.000000000000000000e+00
3.000000000000000000e+01 -1.000000000000000000e+02 0.000000000000000000e+00
3.000000000000000000e+01 -9.000000000000000000e+01 0.000000000000000000e+00
3.000000000000000000e+01 -8.000000000000000000e+01 8.667559999999999709e-01
3.000000000000000000e+01 -7.000000000000000000e+01 5.249717999999999662e+00
3.000000000000000000e+01 -6.000000000000000000e+01 8.712020000000000319e-01
3.000000000000000000e+01 -5.000000000000000000e+01 0.000000000000000000e+00
3.000000000000000000e+01 -4.000000000000000000e+01 0.000000000000000000e+00
3.000000000000000000e+01 -3.000000000000000000e+01 0.000000000000000000e+00
3.000000000000000000e+01 -2.000000000000000000e+01 0.000000000000000000e+00
3.000000000000000000e+01 -1.000000000000000000e+01 0.000000000000000000e+00
3.000000000000000000e+01 0.000000000000000000e+00 0.000000000000000000e+00
3.000000000000000000e+01 1.000000000000000000e+01 0.000000000000000000e+00
3.000000000000000000e+01 2.000000000000000000e+01 0.000000000000000000e+00
3.000000000000000000e+01 3.000000000000000000e+01 0.000000000000000000e+00
3.000000000000000000e+01 4.000000000000000000e+01 0.000000000000000000e+00
3.000000000000000000e+01 5.000000000000000000e+01 0.000000000000000000e+00
3.000000000000000000e+01 6.000000000000000000e+01 0.000000000000000000e+00
3.000000000000000000e+01 7.000000000000000000e+01 0.000000000000000000e+00
3.000000000000000000e+01 8.000000000000000000e+01 0.000000000000000000e+00
3.000000000000000000e+01 9.000000000000000000e+01 0.000000000000000000e+00
3.000000000000000000e+01 1.000000000000000000e+02 0.000000000000000000e+00
3.000000000000000000e+01 1.100000000000000000e+02 0.000000000000000000e+00
3.000000000000000000e+01 1.200000000000000000e+02 0.000000000000000000e+00
3.000000000000000000e+01 1.300000000000000000e+02 0.000000000000000000e+00
3.000000000000000000e+01 1.400000000000000000e+02 0.000000000000000000e+00
3.000000000000000000e+01 1.500000000000000000e+02 0.000000000000000000e+00
3.000000000000000000e+01 1.600000000000000000e+02 0.000000000000000000e+00
3.000000000000000000e+01 1.700000000000000000e+02 0.000000000000000000e+00
3.000000000000000000e+01 1.800000000000000000e+02 0.000000000000000000e+00
4.000000000000000000e+01 -1.800000000000000000e+02 0.000000000000000000e+00
4.000000000000000000e+01 -1.700000000000000000e+02 0.000000000000000000e+00
4.000000000000000000e+01 -1.600000000000000000e+02 0.000000000000000000e+00
4.000000000000000000e+01 -1.500000000000000000e+02 0.000000000000000000e+00
4.000000000000000000e+01 -1.400000000000000000e+02 0.000000000000000000e+00
4.000000000000000000e+01 -1.300000000000000000e+02 0.000000000000000000e+00
4.000000000000000000e+01 -1.200000000000000000e+02 0.000000000000000000e+00
4.000000000000000000e+01 -1.100000000000000000e+02 0.000000000000000000e+00
4.000000000000000000e+01 -1.000000000000000000e+02 0.000000000000000000e+00
4.000000000000000000e+01 -9.000000000000000000e+01 0.000000000000000000e+00
4.000000000000000000e+01 -8.000000000000000000e+01 0.000000000000000000e+00
4.000000000000000000e+01 -7.000000000000000000e+01 9.006979999999999986e-01
4.000000000000000000e+01 -6.000000000000000000e+01 0.000000000000000000e+00
4.000000000000000000e+01 -5.000000000000000000e+01 0.000000000000000000e+00
4.000000000000000000e+01 -4.000000000000000000e+01 0.000000000000000000e+00
4.000000000000000000e+01 -3.000000000000000000e+01 0.000000000000000000e+00
4.000000000000000000e+01 -2.000000000000000000e+01 0.000000000000000000e+00
4.000000000000000000e+01 -1.000000000000000000e+01 0.000000000000000000e+00
4.000000000000000000e+01 0.000000000000000000e+00 0.000000000000000000e+00
4.000000000000000000e+01 1.000000000000000000e+01 0.000000000000000000e+00
4.000000000000000000e+01 2.000000000000000000e+01 0.000000000000000000e+00
4.000000000000000000e+01 3.000000000000000000e+01 0.000000000000000000e+00
4.000000000000000000e+01 4.000000000000000000e+01 0.000000000000000000e+00
4.000000000000000000e+01 5.000000000000000000e+01 0.000000000000000000e+00
4.000000000000000000e+01 6.000000000000000000e+01 0.000000000000000000e+00
4.000000000000000000e+01 7.000000000000000000e+01 0.000000000000000000e+00
4.000000000000000000e+01 8.000000000000000000e+01 0.000000000000000000e+00
4.000000000000000000e+01 9.000000000000000000e+01 0.000000000000000000e+00
4.000000000000000000e+01 1.000000000000000000e+02 0.000000000000000000e+00
4.000000000000000000e+01 1.100000000000000000e+02 0.000000000000000000e+00
4.000000000000000000e+01 1.200000000000000000e+02 0.000000000000000000e+00
4.000000000000000000e+01 1.300000000000000000e+02 0.000000000000000000e+00
4.000000000000000000e+01 1.400000000000000000e+02 0.000000000000000000e+00
4.000000000000000000e+01 1.500000000000000000e+02 0.000000000000000000e+00
4.000000000000000000e+01 1.600000000000000000e+02 0.000000000000000000e+00
4.000000000000000000e+01 1.700000000000000000e+02 0.000000000000000000e+00
4.000000000000000000e+01 1.800000000000000000e+02 0.000000000000000000e+00
5.000000000000000000e+01 -1.800000000000000000e+02 0.000000000000000000e+00
5.000000000000000000e+01 -1.700000000000000000e+02 0.000000000000000000e+00
5.000000000000000000e+01 -1.600000000000000000e+02 0.000000000000000000e+00
5.000000000000000000e+01 -1.500000000000000000e+02 0.000000000000000000e+00
5.000000000000000000e+01 -1.400000000000000000e+02 0.000000000000000000e+00
5.000000000000000000e+01 -1.300000000000000000e+02 0.000000000000000000e+00
5.000000000000000000e+01 -1.200000000000000000e+02 0.000000000000000000e+00
5.000000000000000000e+01 -1.100000000000000000e+02 0.000000000000000000e+00
5.000000000000000000e+01 -1.000000000000000000e+02 0.000000000000000000e+00
5.000000000000000000e+01 -9.000000000000000000e+01 0.000000000000000000e+00
5.000000000000000000e+01 -8.000000000000000000e+01 0.000000000000000000e+00
5.000000000000000000e+01 -7.000000000000000000e+01 9.208870000000000111e-01
5.000000000000000000e+01 -6.000000000000000000e+01 0.000000000000000000e+00
5.000000000000000000e+01 -5.000000000000000000e+01 0.000000000000000000e+00
5.000000000000000000e+01 -4.000000000000000000e+01 0.000000000000000000e+00
5.000000000000000000e+01 -3.000000000000000000e+01 0.000000000000000000e+00
5.000000000000000000e+01 -2.000000000000000000e+01 0.000000000000000000e+00
5.000000000000000000e+01 -1.000000000000000000e+01 0.000000000000000000e+00
5.000000000000000000e+01 0.000000000000000000e+00 0.000000000000000000e+00
5.000000000000000000e+01 1.000000000000000000e+01 0.000000000000000000e+00
5.000000000000000000e+01 2.000000000000000000e+01 0.000000000000000000e+00
5.000000000000000000e+01 3.000000000000000000e+01 0.000000000000000000e+00
5.000000000000000000e+01 4.000000000000000000e+01 0.000000000000000000e+00
5.000000000000000000e+01 5.000000000000000000e+01 0.000000000000000000e+00
5.000000000000000000e+01 6.000000000000000000e+01 0.000000000000000000e+00
5.000000000000000000e+01 7.000000000000000000e+01 0.000000000000000000e+00
5.000000000000000000e+01 8.000000000000000000e+01 0.000000000000000000e+00
5.000000000000000000e+01 9.000000000000000000e+01 0.000000000000000000e+00
5.000000000000000000e+01 1.000000000000000000e+02 0.000000000000000000e+00
5.000000000000000000e+01 1.100000000000000000e+02 0.000000000000000000e+00
5.000000000000000000e+01 1.200000000000000000e+02 0.000000000000000000e+00
5.000000000000000000e+01 1.300000000000000000e+02 0.000000000000000000e+00
5.000000000000000000e+01 1.400000000000000000e+02 0.000000000000000000e+00
5.000000000000000000e+01 1.500000000000000000e+02 0.000000000000000000e+00
5.000000000000000000e+01 1.600000000000000000e+02 0.000000000000000000e+00
5.000000000000000000e+01 1.700000000000000000e+02 0.000000000000000000e+00
5.000000000000000000e+01 1.800000000000000000e+02 0.000000000000000000e+00
6.000000000000000000e+01 -1.800000000000000000e+02 0.000000000000000000e+00
6.000000000000000000e+01 -1.700000000000000000e+02 0.000000000000000000e+00
6.000000000000000000e+01 -1.600000000000000000e+02 0.000000000000000000e+00
6.000000000000000000e+01 -1.500000000000000000e+02 0.000000000000000000e+00
6.000000000000000000e+01 -1.400000000000000000e+02 0.000000000000000000e+00
6.000000000000000000e+01 -1.300000000000000000e+02 0.000000000000000000e+00
6.000000000000000000e+01 -1.200000000000000000e+02 0.000000000000000000e+00
6.000000000000000000e+01 -1.100000000000000000e+02 0.000000000000000000e+00
6.000000000000000000e+01 -1.000000000000000000e+02 0.000000000000000000e+00
6.000000000000000000e+01 -9.000000000000000000e+01 0.000000000000000000e+00
6.000000000000000000e+01 -8.000000000000000000e+01 0.000000000000000000e+00
6.000000000000000000e+01 -7.000000000000000000e+01 0.000000000000000000e+00
6.000000000000000000e+01 -6.000000000000000000e+01 0.000000000000000000e+00
6.000000000000000000e+01 -5.000000000000000000e+01 0.000000000000000000e+00
6.000000000000000000e+01 -4.000000000000000000e+01 0.000000000000000000e+00
6.000000000000000000e+01 -3.000000000000000000e+01 0.000000000000000000e+00
6.000000000000000000e+01 -2.000000000000000000e+01 0.000000000000000000e+00
6.000000000000000000e+01 -1.000000000000000000e+01 0.000000000000000000e+00
6.000000000000000000e+01 0.000000000000000000e+00 0.000000000000000000e+00
6.000000000000000000e+01 1.000000000000000000e+01 0.000000000000000000e+00
6.000000000000000000e+01 2.000000000000000000e+01 0.000000000000000000e+00
6.000000000000000000e+01 3.000000000000000000e+01 0.000000000000000000e+00
6.000000000000000000e+01 4.000000000000000000e+01 0.000000000000000000e+00
6.000000000000000000e+01 5.000000000000000000e+01 0.000000000000000000e+00
6.000000000000000000e+01 6.000000000000000000e+01 0.000000000000000000e+00
6.000000000000000000e+01 7.000000000000000000e+01 0.000000000000000000e+00
6.000000000000000000e+01 8.000000000000000000e+01 0.000000000000000000e+00
6.000000000000000000e+01 9.000000000000000000e+01 0.000000000000000000e+00
6.000000000000000000e+01 1.000000000000000000e+02 0.000000000000000000e+00
6.000000000000000000e+01 1.100000000000000000e+02 0.000000000000000000e+00
6.000000000000000000e+01 1.200000000000000000e+02 0.000000000000000000e+00
6.000000000000000000e+01 1.300000000000000000e+02 0.000000000000000000e+00
6.000000000000000000e+01 1.400000000000000000e+02 0.000000000000000000e+00
6.000000000000000000e+01 1.500000000000000000e+02 0.000000000000000000e+00
6.000000000000000000e+01 1.600000000000000000e+02 0.000000000000000000e+00
6.000000000000000000e+01 1.700000000000000000e+02 0.000000000000000000e+00
6.000000000000000000e+01 1.800000000000000000e+02 0.000000000000000000e+00
7.000000000000000000e+01 -1.800000000000000000e+02 0.000000000000000000e+00
7.000000000000000000e+01 -1.700000000000000000e+02 0.000000000000000000e+00
7.000000000000000000e+01 -1.600000000000000000e+02 0.000000000000000000e+00
7.000000000000000000e+01 -1.500000000000000000e+02 0.000000000000000000e+00
7.000000000000000000e+01 -1.400000000000000000e+02 0.000000000000000000e+00
7.000000000000000000e+01 -1.300000000000000000e+02 0.000000000000000000e+00
7.000000000000000000e+01 -1.200000000000000000e+02 0.000000000000000000e+00
7.000000000000000000e+01 -1.100000000000000000e+02 0.000000000000000000e+00
7.000000000000000000e+01 -1.000000000000000000e+02 0.000000000000000000e+00
7.000000000000000000e+01 -9.000000000000000000e+01 0.000000000000000000e+00
7.000000000000000000e+01 -8.000000000000000000e+01 0.000000000000000000e+00
7.000000000000000000e+01 -7.000000000000000000e+01 9.388640000000000319e-01
7.000000000000000000e+01 -6.000000000000000000e+01 0.000000000000000000e+00
7.000000000000000000e+01 -5.000000000000000000e+01 0.000000000000000000e+00
7.000000000000000000e+01 -4.000000000000000000e+01 0.000000000000000000e+00
7.000000000000000000e+01 -3.000000000000000000e+01 0.000000000000000000e+00
7.000000000000000000e+01 -2.000000000000000000e+01 0.000000000000000000e+00
7.000000000000000000e+01 -1.000000000000000000e+01 0.000000000000000000e+00
7.000000000000000000e+01 0.000000000000000000e+00 0.000000000000000000e+00
7.000000000000000000e+01 1.000000000000000000e+01 0.000000000000000000e+00
7.000000000000000000e+01 2.000000000000000000e+01 0.000000000000000000e+00
7.000000000000000000e+01 3.000000000000000000e+01 0.000000000000000000e+00
7.000000000000000000e+01 4.000000000000000000e+01 0.000000000000000000e+00
7.000000000000000000e+01 5.000000000000000000e+01 0.000000000000000000e+00
7.000000000000000000e+01 6.000000000000000000e+01 0.000000000000000000e+00
7.000000000000000000e+01 7.000000000000000000e+01 0.000000000000000000e+00
7.000000000000000000e+01 8.000000000000000000e+01 0.000000000000000000e+00
7.000000000000000000e+01 9.000000000000000000e+01 0.000000000000000000e+00
7.000000000000000000e+01 1.000000000000000000e+02 0.000000000000000000e+00
7.000000000000000000e+01 1.100000000000000000e+02 0.000000000000000000e+00
7.000000000000000000e+01 1.200000000000000000e+02 0.000000000000000000e+00
7.000000000000000000e+01 1.300000000000000000e+02 0.000000000000000000e+00
7.000000000000000000e+01 1.400000000000000000e+02 0.000000000000000000e+00
7.000000000000000000e+01 1.500000000000000000e+02 0.000000000000000000e+00
7.000000000000000000e+01 1.600000000000000000e+02 0.000000000000000000e+00
7.000000000000000000e+01 1.700000000000000000e+02 0.000000000000000000e+00
7.000000000000000000e+01 1.800000000000000000e+02 0.000000000000000000e+00
8.000000000000000000e+01 -1.800000000000000000e+02 0.000000000000000000e+00
8.000000000000000000e+01 -1.700000000000000000e+02 0.000000000000000000e+00
8.000000000000000000e+01 -1.600000000000000000e+02 0.000000000000000000e+00
8.000000000000000000e+01 -1.500000000000000000e+02 0.000000000000000000e+00
8.000000000000000000e+01 -1.400000000000000000e+02 0.000000000000000000e+00
8.000000000000000000e+01 -1.300000000000000000e+02 0.000000000000000000e+00
8.000000000000000000e+01 -1.200000000000000000e+02 0.000000000000000000e+00
8.000000000000000000e+01 -1.100000000000000000e+02 0.000000000000000000e+00
8.000000000000000000e+01 -1.000000000000000000e+02 0.000000000000000000e+00
8.000000000000000000e+01 -9.000000000000000000e+01 0.000000000000000000e+00
8.000000000000000000e+01 -8.000000000000000000e+01 0.000000000000000000e+00
8.000000000000000000e+01 -7.000000000000000000e+01 0.000000000000000000e+00
8.000000000000000000e+01 -6.000000000000000000e+01 0.000000000000000000e+00
8.000000000000000000e+01 -5.000000000000000000e+01 0.000000000000000000e+00
8.000000000000000000e+01 -4.000000000000000000e+01 0.000000000000000000e+00
8.000000000000000000e+01 -3.000000000000000000e+01 0.000000000000000000e+00
8.000000000000000000e+01 -2.000000000000000000e+01 0.000000000000000000e+00
8.000000000000000000e+01 -1.000000000000000000e+01 0.000000000000000000e+00
8.000000000000000000e+01 0.000000000000000000e+00 0.000000000000000000e+00
8.000000000000000000e+01 1.000000000000000000e+01 0.000000000000000000e+00
8.000000000000000000e+01 2.000000000000000000e+01 0.000000000000000000e+00
8.000000000000000000e+01 3.000000000000000000e+01 0.000000000000000000e+00
8.000000000000000000e+01 4.000000000000000000e+01 0.000000000000000000e+00
8.000000000000000000e+01 5.000000000000000000e+01 0.000000000000000000e+00
8.000000000000000000e+01 6.000000000000000000e+01 0.000000000000000000e+00
8.000000000000000000e+01 7.000000000000000000e+01 0.000000000000000000e+00
8.000000000000000000e+01 8.000000000000000000e+01 0.000000000000000000e+00
8.000000000000000000e+01 9.000000000000000000e+01 0.000000000000000000e+00
8.000000000000000000e+01 1.000000000000000000e+02 0.000000000000000000e+00
8.000000000000000000e+01 1.100000000000000000e+02 0.000000000000000000e+00
8.000000000000000000e+01 1.200000000000000000e+02 0.000000000000000000e+00
8.000000000000000000e+01 1.300000000000000000e+02 0.000000000000000000e+00
8.000000000000000000e+01 1.400000000000000000e+02 0.000000000000000000e+00
8.000000000000000000e+01 1.500000000000000000e+02 0.000000000000000000e+00
8.000000000000000000e+01 1.600000000000000000e+02 0.000000000000000000e+00
8.000000000000000000e+01 1.700000000000000000e+02 0.000000000000000000e+00
8.000000000000000000e+01 1.800000000000000000e+02 0.000000000000000000e+00
9.000000000000000000e+01 -1.800000000000000000e+02 0.000000000000000000e+00
9.000000000000000000e+01 -1.700000000000000000e+02 0.000000000000000000e+00
9.000000000000000000e+01 -1.600000000000000000e+02 0.000000000000000000e+00
9.000000000000000000e+01 -1.500000000000000000e+02 0.000000000000000000e+00
9.000000000000000000e+01 -1.400000000000000000e+02 0.000000000000000000e+00
9.000000000000000000e+01 -1.300000000000000000e+02 0.000000000000000000e+00
9.000000000000000000e+01 -1.200000000000000000e+02 0.000000000000000000e+00
9.000000000000000000e+01 -1.100000000000000000e+02 0.000000000000000000e+00
9.000000000000000000e+01 -1.000000000000000000e+02 0.000000000000000000e+00
9.000000000000000000e+01 -9.000000000000000000e+01 0.000000000000000000e+00
9.000000000000000000e+01 -8.000000000000000000e+01 0.000000000000000000e+00
9.000000000000000000e+01 -7.000000000000000000e+01 0.000000000000000000e+00
9.000000000000000000e+01 -6.000000000000000000e+01 0.000000000000000000e+00
9.000000000000000000e+01 -5.000000000000000000e+01 0.000000000000000000e+00
9.000000000000000000e+01 -4.000000000000000000e+01 0.000000000000000000e+00
9.000000000000000000e+01 -3.000000000000000000e+01 0.000000000000000000e+00
9.000000000000000000e+01 -2.000000000000000000e+01 0.000000000000000000e+00
9.000000000000000000e+01 -1.000000000000000000e+01 0.000000000000000000e+00
9.000000000000000000e+01 0.000000000000000000e+00 0.000000000000000000e+00
9.000000000000000000e+01 1.000000000000000000e+01 0.000000000000000000e+00
9.000000000000000000e+01 2.000000000000000000e+01 0.000000000000000000e+00
9.000000000000000000e+01 3.000000000000000000e+01 0.000000000000000000e+00
9.000000000000000000e+01 4.000000000000000000e+01 0.000000000000000000e+00
9.000000000000000000e+01 5.000000000000000000e+01 0.000000000000000000e+00
9.000000000000000000e+01 6.000000000000000000e+01 0.000000000000000000e+00
9.000000000000000000e+01 7.000000000000000000e+01 0.000000000000000000e+00
9.000000000000000000e+01 8.000000000000000000e+01 0.000000000000000000e+00
9.000000000000000000e+01 9.000000000000000000e+01 0.000000000000000000e+00
9.000000000000000000e+01 1.000000000000000000e+02 0.000000000000000000e+00
9.000000000000000000e+01 1.100000000000000000e+02 0.000000000000000000e+00
9.000000000000000000e+01 1.200000000000000000e+02 0.000000000000000000e+00
9.000000000000000000e+01 1.300000000000000000e+02 0.000000000000000000e+00
9.000000000000000000e+01 1.400000000000000000e+02 0.000000000000000000e+00
9.000000000000000000e+01 1.500000000000000000e+02 0.000000000000000000e+00
9.000000000000000000e+01 1.600000000000000000e+02 0.000000000000000000e+00
9.000000000000000000e+01 1.700000000000000000e+02 0.000000000000000000e+00
9.000000000000000000e+01 1.800000000000000000e+02 0.000000000000000000e+00
1.000000000000000000e+02 -1.800000000000000000e+02 0.000000000000000000e+00
1.000000000000000000e+02 -1.700000000000000000e+02 0.000000000000000000e+00
1.000000000000000000e+02 -1.600000000000000000e+02 0.000000000000000000e+00
1.000000000000000000e+02 -1.500000000000000000e+02 0.000000000000000000e+00
1.000000000000000000e+02 -1.400000000000000000e+02 0.000000000000000000e+00
1.000000000000000000e+02 -1.300000000000000000e+02 0.000000000000000000e+00
1.000000000000000000e+02 -1.200000000000000000e+02 0.000000000000000000e+00
1.000000000000000000e+02 -1.100000000000000000e+02 0.000000000000000000e+00
1.000000000000000000e+02 -1.000000000000000000e+02 0.000000000000000000e+00
1.000000000000000000e+02 -9.000000000000000000e+01 0.000000000000000000e+00
1.000000000000000000e+02 -8.000000000000000000e+01 0.000000000000000000e+00
1.000000000000000000e+02 -7.000000000000000000e+01 0.000000000000000000e+00
1.000000000000000000e+02 -6.000000000000000000e+01 0.000000000000000000e+00
1.000000000000000000e+02 -5.000000000000000000e+01 0.000000000000000000e+00
1.000000000000000000e+02 -4.000000000000000000e+01 0.000000000000000000e+00
1.000000000000000000e+02 -3.000000000000000000e+01 0.000000000000000000e+00
1.000000000000000000e+02 -2.000000000000000000e+01 0.000000000000000000e+00
1.000000000000000000e+02 -1.000000000000000000e+01 0.000000000000000000e+00
1.000000000000000000e+02 0.000000000000000000e+00 0.000000000000000000e+00
1.000000000000000000e+02 1.000000000000000000e+01 0.000000000000000000e+00
1.000000000000000000e+02 2.000000000000000000e+01 0.000000000000000000e+00
1.000000000000000000e+02 3.000000000000000000e+01 0.000000000000000000e+00
1.000000000000000000e+02 4.000000000000000000e+01 0.000000000000000000e+00
1.000000000000000000e+02 5.000000000000000000e+01 0.000000000000000000e+00
1.000000000000000000e+02 6.000000000000000000e+01 0.000000000000000000e+00
1.000000000000000000e+02 7.000000000000000000e+01 0.000000000000000000e+00
1.000000000000000000e+02 8.000000000000000000e+01 0.000000000000000000e+00
1.000000000000000000e+02 9.000000000000000000e+01 0.000000000000000000e+00
1.000000000000000000e+02 1.000000000000000000e+02 0.000000000000000000e+00
1.000000000000000000e+02 1.100000000000000000e+02 0.000000000000000000e+00
1.000000000000000000e+02 1.200000000000000000e+02 0.000000000000000000e+00
1.000000000000000000e+02 1.300000000000000000e+02 0.000000000000000000e+00
1.000000000000000000e+02 1.400000000000000000e+02 0.000000000000000000e+00
1.000000000000000000e+02 1.500000000000000000e+02 0.000000000000000000e+00
1.000000000000000000e+02 1.600000000000000000e+02 0.000000000000000000e+00
1.000000000000000000e+02 1.700000000000000000e+02 0.000000000000000000e+00
1.000000000000000000e+02 1.800000000000000000e+02 0.000000000000000000e+00
1.100000000000000000e+02 -1.800000000000000000e+02 0.000000000000000000e+00
1.100000000000000000e+02 -1.700000000000000000e+02 0.000000000000000000e+00
1.100000000000000000e+02 -1.600000000000000000e+02 0.000000000000000000e+00
1.100000000000000000e+02 -1.500000000000000000e+02 0.000000000000000000e+00
1.100000000000000000e+02 -1.400000000000000000e+02 0.000000000000000000e+00
1.100000000000000000e+02 -1.300000000000000000e+02 0.000000000000000000e+00
1.100000000000000000e+02 -1.200000000000000000e+02 0.000000000000000000e+00
1.100000000000000000e+02 -1.100000000000000000e+02 0.000000000000000000e+00
1.100000000000000000e+02 -1.000000000000000000e+02 0.000000000000000000e+00
1.100000000000000000e+02 -9.000000000000000000e+01 0.000000000000000000e+00
1.100000000000000000e+02 -8.000000000000000000e+01 0.000000000000000000e+00
1.100000000000000000e+02 -7.000000000000000000e+01 0.000000000000000000e+00
1.100000000000000000e+02 -6.000000000000000000e+01 0.000000000000000000e+00
1.100000000000000000e+02 -5.000000000000000000e+01 0.000000000000000000e+00
1.100000000000000000e+02 -4.000000000000000000e+01 0.000000000000000000e+00
1.100000000000000000e+02 -3.000000000000000000e+01 0.000000000000000000e+00
1.100000000000000000e+02 -2.000000000000000000e+01 0.000000000000000000e+00
1.100000000000000000e+02 -1.000000000000000000e+01 0.000000000000000000e+00
1.100000000000000000e+02 0.000000000000000000e+00 0.000000000000000000e+00
1.100000000000000000e+02 1.000000000000000000e+01 0.000000000000000000e+00
1.100000000000000000e+02 2.000000000000000000e+01 0.000000000000000000e+00
1.100000000000000000e+02 3.000000000000000000e+01 0.000000000000000000e+00
1.100000000000000000e+02 4.000000000000000000e+01 0.000000000000000000e+00
1.100000000000000000e+02 5.000000000000000000e+01 0.000000000000000000e+00
1.100000000000000000e+02 6.000000000000000000e+01 0.000000000000000000e+00
1.100000000000000000e+02 7.000000000000000000e+01 0.000000000000000000e+00
1.100000000000000000e+02 8.000000000000000000e+01 0.000000000000000000e+00
1.100000000000000000e+02 9.000000000000000000e+01 0.000000000000000000e+00
1.100000000000000000e+02 1.000000000000000000e+02 0.000000000000000000e+00
1.100000000000000000e+02 1.100000000000000000e+02 0.000000000000000000e+00
1.100000000000000000e+02 1.200000000000000000e+02 0.000000000000000000e+00
1.100000000000000000e+02 1.300000000000000000e+02 0.000000000000000000e+00
1.100000000000000000e+02 1.400000000000000000e+02 0.000000000000000000e+00
1.100000000000000000e+02 1.500000000000000000e+02 0.000000000000000000e+00
1.100000000000000000e+02 1.600000000000000000e+02 0.000000000000000000e+00
1.100000000000000000e+02 1.700000000000000000e+02 0.000000000000000000e+00
1.100000000000000000e+02 1.800000000000000000e+02 0.000000000000000000e+00
1.200000000000000000e+02 -1.800000000000000000e+02 0.000000000000000000e+00
1.200000000000000000e+02 -1.700000000000000000e+02 0.000000000000000000e+00
1.200000000000000000e+02 -1.600000000000000000e+02 0.000000000000000000e+00
1.200000000000000000e+02 -1.500000000000000000e+02 0.000000000000000000e+00
1.200000000000000000e+02 -1.400000000000000000e+02 0.000000000000000000e+00
1.200000000000000000e+02 -1.300000000000000000e+02 0.000000000000000000e+00
1.200000000000000000e+02 -1.200000000000000000e+02 0.000000000000000000e+00
1.200000000000000000e+02 -1.100000000000000000e+02 0.000000000000000000e+00
1.200000000000000000e+02 -1.000000000000000000e+02 0.000000000000000000e+00
1.200000000000000000e+02 -9.000000000000000000e+01 0.000000000000000000e+00
1.200000000000000000e+02 -8.000000000000000000e+01 0.000000000000000000e+00
1.200000000000000000e+02 -7.000000000000000000e+01 0.000000000000000000e+00
1.200000000000000000e+02 -6.000000000000000000e+01 0.000000000000000000e+00
1.200000000000000000e+02 -5.000000000000000000e+01 0.000000000000000000e+00
1.200000000000000000e+02 -4.000000000000000000e+01 0.000000000000000000e+00
1.200000000000000000e+02 -3.000000000000000000e+01 0.000000000000000000e+00
1.200000000000000000e+02 -2.000000000000000000e+01 0.000000000000000000e+00
1.200000000000000000e+02 -1.000000000000000000e+01 0.000000000000000000e+00
1.200000000000000000e+02 0.000000000000000000e+00 0.000000000000000000e+00
1.200000000000000000e+02 1.000000000000000000e+01 0.000000000000000000e+00
1.200000000000000000e+02 2.000000000000000000e+01 0.000000000000000000e+00
1.200000000000000000e+02 3.000000000000000000e+01 0.000000000000000000e+00
1.200000000000000000e+02 4.000000000000000000e+01 0.000000000000000000e+00
1.200000000000000000e+02 5.000000000000000000e+01 0.000000000000000000e+00
1.200000000000000000e+02 6.000000000000000000e+01 0.000000000000000000e+00
1.200000000000000000e+02 7.000000000000000000e+01 0.000000000000000000e+00
1.200000000000000000e+02 8.000000000000000000e+01 0.000000000000000000e+00
1.200000000000000000e+02 9.000000000000000000e+01 0.000000000000000000e+00
1.200000000000000000e+02 1.000000000000000000e+02 0.000000000000000000e+00
1.200000000000000000e+02 1.100000000000000000e+02 0.000000000000000000e+00
1.200000000000000000e+02 1.200000000000000000e+02 0.000000000000000000e+00
1.200000000000000000e+02 1.300000000000000000e+02 0.000000000000000000e+00
1.200000000000000000e+02 1.400000000000000000e+02 0.000000000000000000e+00
1.200000000000000000e+02 1.500000000000000000e+02 0.000000000000000000e+00
1.200000000000000000e+02 1.600000000000000000e+02 0.000000000000000000e+00
1.200000000000000000e+02 1.700000000000000000e+02 0.000000000000000000e+00
1.200000000000000000e+02 1.800000000000000000e+02 0.000000000000000000e+00
1.300000000000000000e+02 -1.800000000000000000e+02 0.000000000000000000e+00
1.300000000000000000e+02 -1.700000000000000000e+02 0.000000000000000000e+00
1.300000000000000000e+02 -1.600000000000000000e+02 0.000000000000000000e+00
1.300000000000000000e+02 -1.500000000000000000e+02 0.000000000000000000e+00
1.300000000000000000e+02 -1.400000000000000000e+02 0.000000000000000000e+00
1.300000000000000000e+02 -1.300000000000000000e+02 0.000000000000000000e+00
1.300000000000000000e+02 -1.200000000000000000e+02 0.000000000000000000e+00
1.300000000000000000e+02 -1.100000000000000000e+02 0.000000000000000000e+00
1.300000000000000000e+02 -1.000000000000000000e+02 0.000000000000000000e+00
1.300000000000000000e+02 -9.000000000000000000e+01 0.000000000000000000e+00
1.300000000000000000e+02 -8.000000000000000000e+01 0.000000000000000000e+00
1.300000000000000000e+02 -7.000000000000000000e+01 0.000000000000000000e+00
1.300000000000000000e+02 -6.000000000000000000e+01 0.000000000000000000e+00
1.300000000000000000e+02 -5.000000000000000000e+01 0.000000000000000000e+00
1.300000000000000000e+02 -4.000000000000000000e+01 0.000000000000000000e+00
1.300000000000000000e+02 -3.000000000000000000e+01 0.000000000000000000e+00
1.300000000000000000e+02 -2.000000000000000000e+01 0.000000000000000000e+00
1.300000000000000000e+02 -1.000000000000000000e+01 0.000000000000000000e+00
1.300000000000000000e+02 0.000000000000000000e+00 0.000000000000000000e+00
1.300000000000000000e+02 1.000000000000000000e+01 0.000000000000000000e+00
1.300000000000000000e+02 2.000000000000000000e+01 0.000000000000000000e+00
1.300000000000000000e+02 3.000000000000000000e+01 0.000000000000000000e+00
1.300000000000000000e+02 4.000000000000000000e+01 0.000000000000000000e+00
1.300000000000000000e+02 5.000000000000000000e+01 0.000000000000000000e+00
1.300000000000000000e+02 6.000000000000000000e+01 0.000000000000000000e+00
1.300000000000000000e+02 7.000000000000000000e+01 0.000000000000000000e+00
1.300000000000000000e+02 8.000000000000000000e+01 0.000000000000000000e+00
1.300000000000000000e+02 9.000000000000000000e+01 0.000000000000000000e+00
1.300000000000000000e+02 1.000000000000000000e+02 0.000000000000000000e+00
1.300000000000000000e+02 1.100000000000000000e+02 0.000000000000000000e+00
1.300000000000000000e+02 1.200000000000000000e+02 0.000000000000000000e+00
1.300000000000000000e+02 1.300000000000000000e+02 0.000000000000000000e+00
1.300000000000000000e+02 1.400000000000000000e+02 0.000000000000000000e+00
1.300000000000000000e+02 1.500000000000000000e+02 0.000000000000000000e+00
1.300000000000000000e+02 1.600000000000000000e+02 0.000000000000000000e+00
1.300000000000000000e+02 1.700000000000000000e+02 0.000000000000000000e+00
1.300000000000000000e+02 1.800000000000000000e+02 0.000000000000000000e+00
1.400000000000000000e+02 -1.800000000000000000e+02 0.000000000000000000e+00
1.400000000000000000e+02 -1.700000000000000000e+02 0.000000000000000000e+00
1.400000000000000000e+02 -1.600000000000000000e+02 0.000000000000000000e+00
1.400000000000000000e+02 -1.500000000000000000e+02 0.000000000000000000e+00
1.400000000000000000e+02 -1.400000000000000000e+02 0.000000000000000000e+00
1.400000000000000000e+02 -1.300000000000000000e+02 0.000000000000000000e+00
1.400000000000000000e+02 -1.200000000000000000e+02 0.000000000000000000e+00
1.400000000000000000e+02 -1.100000000000000000e+02 0.000000000000000000e+00
1.400000000000000000e+02 -1.000000000000000000e+02 0.000000000000000000e+00
1.400000000000000000e+02 -9.000000000000000000e+01 0.000000000000000000e+00
1.400000000000000000e+02 -8.000000000000000000e+01 0.000000000000000000e+00
1.400000000000000000e+02 -7.000000000000000000e+01 0.000000000000000000e+00
1.400000000000000000e+02 -6.000000000000000000e+01 0.000000000000000000e+00
1.400000000000000000e+02 -5.000000000000000000e+01 0.000000000000000000e+00
1.400000000000000000e+02 -4.000000000000000000e+01 0.000000000000000000e+00
1.400000000000000000e+02 -3.000000000000000000e+01 0.000000000000000000e+00
1.400000000000000000e+02 -2.000000000000000000e+01 0.000000000000000000e+00
1.400000000000000000e+02 -1.000000000000000000e+01 0.000000000000000000e+00
1.400000000000000000e+02 0.000000000000000000e+00 0.000000000000000000e+00
1.400000000000000000e+02 1.000000000000000000e+01 0.000000000000000000e+00
1.400000000000000000e+02 2.000000000000000000e+01 0.000000000000000000e+00
1.400000000000000000e+02 3.000000000000000000e+01 0.000000000000000000e+00
1.400000000000000000e+02 4.000000000000000000e+01 0.000000000000000000e+00
1.400000000000000000e+02 5.000000000000000000e+01 0.000000000000000000e+00
1.400000000000000000e+02 6.000000000000000000e+01 0.000000000000000000e+00
1.400000000000000000e+02 7.000000000000000000e+01 0.000000000000000000e+00
1.400000000000000000e+02 8.000000000000000000e+01 0.000000000000000000e+00
1.400000000000000000e+02 9.000000000000000000e+01 0.000000000000000000e+00
1.400000000000000000e+02 1.000000000000000000e+02 0.000000000000000000e+00
1.400000000000000000e+02 1.100000000000000000e+02 0.000000000000000000e+00
1.400000000000000000e+02 1.200000000000000000e+02 0.000000000000000000e+00
1.400000000000000000e+02 1.300000000000000000e+02 0.000000000000000000e+00
1.400000000000000000e+02 1.400000000000000000e+02 0.000000000000000000e+00
1.400000000000000000e+02 1.500000000000000000e+02 0.000000000000000000e+00
1.400000000000000000e+02 1.600000000000000000e+02 0.000000000000000000e+00
1.400000000000000000e+02 1.700000000000000000e+02 0.000000000000000000e+00
1.400000000000000000e+02 1.800000000000000000e+02 0.000000000000000000e+00
1.500000000000000000e+02 -1.800000000000000000e+02 0.000000000000000000e+00
1.500000000000000000e+02 -1.700000000000000000e+02 0.000000000000000000e+00
1.500000000000000000e+02 -1.600000000000000000e+02 0.000000000000000000e+00
1.500000000000000000e+02 -1.500000000000000000e+02 0.000000000000000000e+00
1.500000000000000000e+02 -1.400000000000000000e+02 0.000000000000000000e+00
1.500000000000000000e+02 -1.300000000000000000e+02 0.000000000000000000e+00
1.500000000000000000e+02 -1.200000000000000000e+02 0.000000000000000000e+00
1.500000000000000000e+02 -1.100000000000000000e+02 0.000000000000000000e+00
1.500000000000000000e+02 -1.000000000000000000e+02 0.000000000000000000e+00
1.500000000000000000e+02 -9.000000000000000000e+01 0.000000000000000000e+00
1.500000000000000000e+02 -8.000000000000000000e+01 0.000000000000000000e+00
1.500000000000000000e+02 -7.000000000000000000e+01 0.000000000000000000e+00
1.500000000000000000e+02 -6.000000000000000000e+01 0.000000000000000000e+00
1.500000000000000000e+02 -5.000000000000000000e+01 0.000000000000000000e+00
1.500000000000000000e+02 -4.000000000000000000e+01 0.000000000000000000e+00
1.500000000000000000e+02 -3.000000000000000000e+01 0.000000000000000000e+00
1.500000000000000000e+02 -2.000000000000000000e+01 0.000000000000000000e+00
1.500000000000000000e+02 -1.000000000000000000e+01 0.000000000000000000e+00
1.500000000000000000e+02 0.000000000000000000e+00 0.000000000000000000e+00
1.500000000000000000e+02 1.000000000000000000e+01 0.000000000000000000e+00
1.500000000000000000e+02 2.000000000000000000e+01 0.000000000000000000e+00
1.500000000000000000e+02 3.000000000000000000e+01 0.000000000000000000e+00
1.500000000000000000e+02 4.000000000000000000e+01 0.000000000000000000e+00
1.500000000000000000e+02 5.000000000000000000e+01 0.000000000000000000e+00
1.500000000000000000e+02 6.000000000000000000e+01 0.000000000000000000e+00
1.500000000000000000e+02 7.000000000000000000e+01 0.000000000000000000e+00
1.500000000000000000e+02 8.000000000000000000e+01 0.000000000000000000e+00
1.500000000000000000e+02 9.000000000000000000e+01 0.000000000000000000e+00
1.500000000000000000e+02 1.000000000000000000e+02 0.000000000000000000e+00
1.500000000000000000e+02 1.100000000000000000e+02 0.000000000000000000e+00
1.500000000000000000e+02 1.200000000000000000e+02 0.000000000000000000e+00
1.500000000000000000e+02 1.300000000000000000e+02 0.000000000000000000e+00
1.500000000000000000e+02 1.400000000000000000e+02 0.000000000000000000e+00
1.500000000000000000e+02 1.500000000000000000e+02 0.000000000000000000e+00
1.500000000000000000e+02 1.600000000000000000e+02 0.000000000000000000e+00
1.500000000000000000e+02 1.700000000000000000e+02 0.000000000000000000e+00
1.500000000000000000e+02 1.800000000000000000e+02 0.000000000000000000e+00
1.600000000000000000e+02 -1.800000000000000000e+02 0.000000000000000000e+00
1.600000000000000000e+02 -1.700000000000000000e+02 0.000000000000000000e+00
1.600000000000000000e+02 -1.600000000000000000e+02 0.000000000000000000e+00
1.600000000000000000e+02 -1.500000000000000000e+02 0.000000000000000000e+00
1.600000000000000000e+02 -1.400000000000000000e+02 0.000000000000000000e+00
1.600000000000000000e+02 -1.300000000000000000e+02 0.000000000000000000e+00
1.600000000000000000e+02 -1.200000000000000000e+02 0.000000000000000000e+00
1.600000000000000000e+02 -1.100000000000000000e+02 0.000000000000000000e+00
1.600000000000000000e+02 -1.000000000000000000e+02 0.000000000000000000e+00
1.600000000000000000e+02 -9.000000000000000000e+01 0.000000000000000000e+00
1.600000000000000000e+02 -8.000000000000000000e+01 0.000000000000000000e+00
1.600000000000000000e+02 -7.000000000000000000e+01 0.000000000000000000e+00
1.600000000000000000e+02 -6.000000000000000000e+01 0.000000000000000000e+00
1.600000000000000000e+02 -5.000000000000000000e+01 0.000000000000000000e+00
1.600000000000000000e+02 -4.000000000000000000e+01 0.000000000000000000e+00
1.600000000000000000e+02 -3.000000000000000000e+01 0.000000000000000000e+00
1.600000000000000000e+02 -2.000000000000000000e+01 0.000000000000000000e+00
1.600000000000000000e+02 -1.000000000000000000e+01 0.000000000000000000e+00
1.600000000000000000e+02 0.000000000000000000e+00 0.000000000000000000e+00
1.600000000000000000e+02 1.000000000000000000e+01 0.000000000000000000e+00
1.600000000000000000e+02 2.000000000000000000e+01 0.000000000000000000e+00
1.600000000000000000e+02 3.000000000000000000e+01 0.000000000000000000e+00
1.600000000000000000e+02 4.000000000000000000e+01 0.000000000000000000e+00
1.600000000000000000e+02 5.000000000000000000e+01 0.000000000000000000e+00
1.600000000000000000e+02 6.000000000000000000e+01 0.000000000000000000e+00
1.600000000000000000e+02 7.000000000000000000e+01 0.000000000000000000e+00
1.600000000000000000e+02 8.000000000000000000e+01 0.000000000000000000e+00
1.600000000000000000e+02 9.000000000000000000e+01 0.000000000000000000e+00
1.600000000000000000e+02 1.000000000000000000e+02 0.000000000000000000e+00
1.600000000000000000e+02 1.100000000000000000e+02 0.000000000000000000e+00
1.600000000000000000e+02 1.200000000000000000e+02 0.000000000000000000e+00
1.600000000000000000e+02 1.300000000000000000e+02 0.000000000000000000e+00
1.600000000000000000e+02 1.400000000000000000e+02 0.000000000000000000e+00
1.600000000000000000e+02 1.500000000000000000e+02 0.000000000000000000e+00
1.600000000000000000e+02 1.600000000000000000e+02 0.000000000000000000e+00
1.600000000000000000e+02 1.700000000000000000e+02 0.000000000000000000e+00
1.600000000000000000e+02 1.800000000000000000e+02 0.000000000000000000e+00
1.700000000000000000e+02 -1.800000000000000000e+02 0.000000000000000000e+00
