-1.800000000000000000e+02 -1.800000000000000000e+02 0.000000000000000000e+00
-1.800000000000000000e+02 -1.700000000000000000e+02 0.000000000000000000e+00
-1.800000000000000000e+02 -1.600000000000000000e+02 0.000000000000000000e+00
-1.800000000000000000e+02 -1.500000000000000000e+02 0.000000000000000000e+00
-1.800000000000000000e+02 -1.400000000000000000e+02 0.000000000000000000e+00
-1.800000000000000000e+02 -1.300000000000000000e+02 0.000000000000000000e+00
-1.800000000000000000e+02 -1.200000000000000000e+02 0.000000000000000000e+00
-1.800000000000000000e+02 -1.100000000000000000e+02 0.000000000000000000e+00
-1.800000000000000000e+02 -1.000000000000000000e+02 0.000000000000000000e+00
-1.800000000000000000e+02 -9.000000000000000000e+01 0.000000000000000000e+00
-1.800000000000000000e+02 -8.000000000000000000e+01 0.000000000000000000e+00
-1.800000000000000000e+02 -7.000000000000000000e+01 0.000000000000000000e+00
-1.800000000000000000e+02 -6.000000000000000000e+01 0.000000000000000000e+00
-1.800000000000000000e+02 -5.000000000000000000e+01 0.000000000000000000e+00
-1.800000000000000000e+02 -4.000000000000000000e+01 0.000000000000000000e+00
-1.800000000000000000e+02 -3.000000000000000000e+01 0.000000000000000000e+00
-1.800000000000000000e+02 -2.000000000000000000e+01 0.000000000000000000e+00
-1.800000000000000000e+02 -1.000000000000000000e+01 0.000000000000000000e+00
-1.800000000000000000e+02 0.000000000000000000e+00 0.000000000000000000e+00
-1.800000000000000000e+02 1.000000000000000000e+01 0.000000000000000000e+00
-1.800000000000000000e+02 2.000000000000000000e+01 0.000000000000000000e+00
-1.800000000000000000e+02 3.000000000000000000e+01 0.000000000000000000e+00
-1.800000000000000000e+02 4.000000000000000000e+01 0.000000000000000000e+00
-1.800000000000000000e+02 5.000000000000000000e+01 0.000000000000000000e+00
-1.800000000000000000e+02 6.000000000000000000e+01 0.000000000000000000e+00
-1.800000000000000000e+02 7.000000000000000000e+01 0.000000000000000000e+00
-1.800000000000000000e+02 8.000000000000000000e+01 0.000000000000000000e+00
-1.800000000000000000e+02 9.000000000000000000e+01 0.000000000000000000e+00
-1.800000000000000000e+02 1.000000000000000000e+02 0.000000000000000000e+00
-1.800000000000000000e+02 1.100000000000000000e+02 0.000000000000000000e+00
-1.800000000000000000e+02 1.200000000000000000e+02 0.000000000000000000e+00
-1.800000000000000000e+02 1.300000000000000000e+02 0.000000000000000000e+00
-1.800000000000000000e+02 1.400000000000000000e+02 0.000000000000000000e+00
-1.800000000000000000e+02 1.500000000000000000e+02 0.000000000000000000e+00
-1.800000000000000000e+02 1.600000000000000000e+02 0.000000000000000000e+00
-1.800000000000000000e+02 1.700000000000000000e+02 0.000000000000000000e+00
-1.800000000000000000e+02 1.800000000000000000e+02 0.000000000000000000e+00
-1.700000000000000000e+02 -1.800000000000000000e+02 0.000000000000000000e+00
-1.700000000000000000e+02 -1.700000000000000000e+02 0.000000000000000000e+00
-1.700000000000000000e+02 -1.600000000000000000e+02 0.000000000000000000e+00
-1.700000000000000000e+02 -1.500000000000000000e+02 0.000000000000000000e+00
-1.700000000000000000e+02 -1.400000000000000000e+02 0.000000000000000000e+00
-1.700000000000000000e+02 -1.300000000000000000e+02 0.000000000000000000e+00
-1.700000000000000000e+02 -1.200000000000000000e+02 0.000000000000000000e+00
-1.700000000000000000e+02 -1.100000000000000000e+02 0.000000000000000000e+00
-1.700000000000000000e+02 -1.000000000000000000e+02 0.000000000000000000e+00
-1.700000000000000000e+02 -9.000000000000000000e+01 0.000000000000000000e+00
-1.700000000000000000e+02 -8.000000000000000000e+01 0.000000000000000000e+00
-1.700000000000000000e+02 -7.000000000000000000e+01 0.000000000000000000e+00
-1.700000000000000000e+02 -6.000000000000000000e+01 0.000000000000000000e+00
-1.700000000000000000e+02 -5.000000000000000000e+01 0.000000000000000000e+00
-1.700000000000000000e+02 -4.000000000000000000e+01 0.000000000000000000e+00
-1.700000000000000000e+02 -3.000000000000000000e+01 0.000000000000000000e+00
-1.700000000000000000e+02 -2.000000000000000000e+01 0.000000000000000000e+00
-1.700000000000000000e+02 -1.000000000000000000e+01 0.000000000000000000e+00
-1.700000000000000000e+02 0.000000000000000000e+00 0.000000000000000000e+00
-1.700000000000000000e+02 1.000000000000000000e+01 0.000000000000000000e+00
-1.700000000000000000e+02 2.000000000000000000e+01 0.000000000000000000e+00
-1.700000000000000000e+02 3.000000000000000000e+01 0.000000000000000000e+00
-1.700000000000000000e+02 4.000000000000000000e+01 0.000000000000000000e+00
-1.700000000000000000e+02 5.000000000000000000e+01 0.000000000000000000e+00
-1.700000000000000000e+02 6.000000000000000000e+01 0.000000000000000000e+00
-1.700000000000000000e+02 7.000000000000000000e+01 0.000000000000000000e+00
-1.700000000000000000e+02 8.000000000000000000e+01 0.000000000000000000e+00
-1.700000000000000000e+02 9.000000000000000000e+01 0.000000000000000000e+00
-1.700000000000000000e+02 1.000000000000000000e+02 0.000000000000000000e+00
-1.700000000000000000e+02 1.100000000000000000e+02 0.000000000000000000e+00
-1.700000000000000000e+02 1.200000000000000000e+02 0.000000000000000000e+00
-1.700000000000000000e+02 1.300000000000000000e+02 0.000000000000000000e+00
-1.700000000000000000e+02 1.400000000000000000e+02 0.000000000000000000e+00
-1.700000000000000000e+02 1.500000000000000000e+02 0.000000000000000000e+00
-1.700000000000000000e+02 1.600000000000000000e+02 0.000000000000000000e+00
-1.700000000000000000e+02 1.700000000000000000e+02 0.000000000000000000e+00
-1.700000000000000000e+02 1.800000000000000000e+02 0.000000000000000000e+00
-1.600000000000000000e+02 -1.800000000000000000e+02 0.000000000000000000e+00
-1.600000000000000000e+02 -1.700000000000000000e+02 0.000000000000000000e+00
-1.600000000000000000e+02 -1.600000000000000000e+02 0.000000000000000000e+00
-1.600000000000000000e+02 -1.500000000000000000e+02 0.000000000000000000e+00
-1.600000000000000000e+02 -1.400000000000000000e+02 0.000000000000000000e+00
-1.600000000000000000e+02 -1.300000000000000000e+02 0.000000000000000000e+00
-1.600000000000000000e+02 -1.200000000000000000e+02 0.000000000000000000e+00
-1.600000000000000000e+02 -1.100000000000000000e+02 0.000000000000000000e+00
-1.600000000000000000e+02 -1.000000000000000000e+02 0.000000000000000000e+00
-1.600000000000000000e+02 -9.000000000000000000e+01 0.000000000000000000e+00
-1.600000000000000000e+02 -8.000000000000000000e+01 0.000000000000000000e+00
-1.600000000000000000e+02 -7.000000000000000000e+01 0.000000000000000000e+00
-1.600000000000000000e+02 -6.000000000000000000e+01 0.000000000000000000e+00
-1.600000000000000000e+02 -5.000000000000000000e+01 0.000000000000000000e+00
-1.600000000000000000e+02 -4.000000000000000000e+01 0.000000000000000000e+00
-1.600000000000000000e+02 -3.000000000000000000e+01 0.000000000000000000e+00
-1.600000000000000000e+02 -2.000000000000000000e+01 0.000000000000000000e+00
-1.600000000000000000e+02 -1.000000000000000000e+01 0.000000000000000000e+00
-1.600000000000000000e+02 0.000000000000000000e+00 0.000000000000000000e+00
-1.600000000000000000e+02 1.000000000000000000e+01 0.000000000000000000e+00
-1.600000000000000000e+02 2.000000000000000000e+01 0.000000000000000000e+00
-1.600000000000000000e+02 3.000000000000000000e+01 0.000000000000000000e+00
-1.600000000000000000e+02 4.000000000000000000e+01 0.000000000000000000e+00
-1.600000000000000000e+02 5.000000000000000000e+01 0.000000000000000000e+00
-1.600000000000000000e+02 6.000000000000000000e+01 0.000000000000000000e+00
-1.600000000000000000e+02 7.000000000000000000e+01 0.000000000000000000e+00
-1.600000000000000000e+02 8.000000000000000000e+01 0.000000000000000000e+00
-1.600000000000000000e+02 9.000000000000000000e+01 0.000000000000000000e+00
-1.600000000000000000e+02 1.000000000000000000e+02 0.000000000000000000e+00
-1.600000000000000000e+02 1.100000000000000000e+02 0.000000000000000000e+00
-1.600000000000000000e+02 1.200000000000000000e+02 0.000000000000000000e+00
-1.600000000000000000e+02 1.300000000000000000e+02 0.000000000000000000e+00
-1.600000000000000000e+02 1.400000000000000000e+02 0.000000000000000000e+00
-1.600000000000000000e+02 1.500000000000000000e+02 0.000000000000000000e+00
-1.600000000000000000e+02 1.600000000000000000e+02 0.000000000000000000e+00
-1.600000000000000000e+02 1.700000000000000000e+02 0.000000000000000000e+00
-1.600000000000000000e+02 1.800000000000000000e+02 0.000000000000000000e+00
-1.500000000000000000e+02 -1.800000000000000000e+02 0.000000000000000000e+00
-1.500000000000000000e+02 -1.700000000000000000e+02 0.000000000000000000e+00
-1.500000000000000000e+02 -1.600000000000000000e+02 0.000000000000000000e+00
-1.500000000000000000e+02 -1.500000000000000000e+02 0.000000000000000000e+00
-1.500000000000000000e+02 -1.400000000000000000e+02 0.000000000000000000e+00
-1.500000000000000000e+02 -1.300000000000000000e+02 0.000000000000000000e+00
-1.500000000000000000e+02 -1.200000000000000000e+02 0.000000000000000000e+00
-1.500000000000000000e+02 -1.100000000000000000e+02 0.000000000000000000e+00
-1.500000000000000000e+02 -1.000000000000000000e+02 0.000000000000000000e+00
-1.500000000000000000e+02 -9.000000000000000000e+01 0.000000000000000000e+00
-1.500000000000000000e+02 -8.000000000000000000e+01 0.000000000000000000e+00
-1.500000000000000000e+02 -7.000000000000000000e+01 0.000000000000000000e+00
-1.500000000000000000e+02 -6.000000000000000000e+01 0.000000000000000000e+00
-1.500000000000000000e+02 -5.000000000000000000e+01 0.000000000000000000e+00
-1.500000000000000000e+02 -4.000000000000000000e+01 0.000000000000000000e+00
-1.500000000000000000e+02 -3.000000000000000000e+01 0.000000000000000000e+00
-1.500000000000000000e+02 -2.000000000000000000e+01 0.000000000000000000e+00
-1.500000000000000000e+02 -1.000000000000000000e+01 0.000000000000000000e+00
-1.500000000000000000e+02 0.000000000000000000e+00 0.000000000000000000e+00
-1.500000000000000000e+02 1.000000000000000000e+01 0.000000000000000000e+00
-1.500000000000000000e+02 2.000000000000000000e+01 0.000000000000000000e+00
-1.500000000000000000e+02 3.000000000000000000e+01 0.000000000000000000e+00
-1.500000000000000000e+02 4.000000000000000000e+01 0.000000000000000000e+00
-1.500000000000000000e+02 5.000000000000000000e+01 0.000000000000000000e+00
-1.500000000000000000e+02 6.000000000000000000e+01 0.000000000000000000e+00
-1.500000000000000000e+02 7.000000000000000000e+01 0.000000000000000000e+00
-1.500000000000000000e+02 8.000000000000000000e+01 0.000000000000000000e+00
-1.500000000000000000e+02 9.000000000000000000e+01 0.000000000000000000e+00
-1.500000000000000000e+02 1.000000000000000000e+02 0.000000000000000000e+00
-1.500000000000000000e+02 1.100000000000000000e+02 0.000000000000000000e+00
-1.500000000000000000e+02 1.200000000000000000e+02 0.000000000000000000e+00
-1.500000000000000000e+02 1.300000000000000000e+02 0.000000000000000000e+00
-1.500000000000000000e+02 1.400000000000000000e+02 0.000000000000000000e+00
-1.500000000000000000e+02 1.500000000000000000e+02 0.000000000000000000e+00
-1.500000000000000000e+02 1.600000000000000000e+02 0.000000000000000000e+00
-1.500000000000000000e+02 1.700000000000000000e+02 0.000000000000000000e+00
-1.500000000000000000e+02 1.800000000000000000e+02 0.000000000000000000e+00
-1.400000000000000000e+02 -1.800000000000000000e+02 0.000000000000000000e+00
-1.400000000000000000e+02 -1.700000000000000000e+02 0.000000000000000000e+00
-1.400000000000000000e+02 -1.600000000000000000e+02 0.000000000000000000e+00
-1.400000000000000000e+02 -1.500000000000000000e+02 0.000000000000000000e+00
-1.400000000000000000e+02 -1.400000000000000000e+02 0.000000000000000000e+00
-1.400000000000000000e+02 -1.300000000000000000e+02 0.000000000000000000e+00
-1.400000000000000000e+02 -1.200000000000000000e+02 0.000000000000000000e+00
-1.400000000000000000e+02 -1.100000000000000000e+02 0.000000000000000000e+00
-1.400000000000000000e+02 -1.000000000000000000e+02 0.000000000000000000e+00
-1.400000000000000000e+02 -9.000000000000000000e+01 0.000000000000000000e+00
-1.400000000000000000e+02 -8.000000000000000000e+01 0.000000000000000000e+00
-1.400000000000000000e+02 -7.000000000000000000e+01 0.000000000000000000e+00
-1.400000000000000000e+02 -6.000000000000000000e+01 0.000000000000000000e+00
-1.400000000000000000e+02 -5.000000000000000000e+01 0.000000000000000000e+00
-1.400000000000000000e+02 -4.000000000000000000e+01 0.000000000000000000e+00
-1.400000000000000000e+02 -3.000000000000000000e+01 0.000000000000000000e+00
-1.400000000000000000e+02 -2.000000000000000000e+01 0.000000000000000000e+00
-1.400000000000000000e+02 -1.000000000000000000e+01 0.000000000000000000e+00
-1.400000000000000000e+02 0.000000000000000000e+00 0.000000000000000000e+00
-1.400000000000000000e+02 1.000000000000000000e+01 0.000000000000000000e+00
-1.400000000000000000e+02 2.000000000000000000e+01 0.000000000000000000e+00
-1.400000000000000000e+02 3.000000000000000000e+01 0.000000000000000000e+00
-1.400000000000000000e+02 4.000000000000000000e+01 0.000000000000000000e+00
-1.400000000000000000e+02 5.000000000000000000e+01 0.000000000000000000e+00
-1.400000000000000000e+02 6.000000000000000000e+01 0.000000000000000000e+00
-1.400000000000000000e+02 7.000000000000000000e+01 0.000000000000000000e+00
-1.400000000000000000e+02 8.000000000000000000e+01 0.000000000000000000e+00
-1.400000000000000000e+02 9.000000000000000000e+01 0.000000000000000000e+00
-1.400000000000000000e+02 1.000000000000000000e+02 0.000000000000000000e+00
-1.400000000000000000e+02 1.100000000000000000e+02 0.000000000000000000e+00
-1.400000000000000000e+02 1.200000000000000000e+02 0.000000000000000000e+00
-1.400000000000000000e+02 1.300000000000000000e+02 0.000000000000000000e+00
-1.400000000000000000e+02 1.400000000000000000e+02 0.000000000000000000e+00
-1.400000000000000000e+02 1.500000000000000000e+02 0.000000000000000000e+00
-1.400000000000000000e+02 1.600000000000000000e+02 0.000000000000000000e+00
-1.400000000000000000e+02 1.700000000000000000e+02 0.000000000000000000e+00
-1.400000000000000000e+02 1.800000000000000000e+02 0.000000000000000000e+00
-1.300000000000000000e+02 -1.800000000000000000e+02 0.000000000000000000e+00
-1.300000000000000000e+02 -1.700000000000000000e+02 0.000000000000000000e+00
-1.300000000000000000e+02 -1.600000000000000000e+02 0.000000000000000000e+00
-1.300000000000000000e+02 -1.500000000000000000e+02 0.000000000000000000e+00
-1.300000000000000000e+02 -1.400000000000000000e+02 1.159000000000000091e-03
-1.300000000000000000e+02 -1.300000000000000000e+02 2.304000000000000058e-03
-1.300000000000000000e+02 -1.200000000000000000e+02 0.000000000000000000e+00
-1.300000000000000000e+02 -1.100000000000000000e+02 6.403999999999999970e-03
-1.300000000000000000e+02 -1.000000000000000000e+02 6.525000000000000418e-03
-1.300000000000000000e+02 -9.000000000000000000e+01 0.000000000000000000e+00
-1.300000000000000000e+02 -8.000000000000000000e+01 0.000000000000000000e+00
-1.300000000000000000e+02 -7.000000000000000000e+01 0.000000000000000000e+00
-1.300000000000000000e+02 -6.000000000000000000e+01 0.000000000000000000e+00
-1.300000000000000000e+02 -5.000000000000000000e+01 0.000000000000000000e+00
-1.300000000000000000e+02 -4.000000000000000000e+01 0.000000000000000000e+00
-1.300000000000000000e+02 -3.000000000000000000e+01 0.000000000000000000e+00
-1.300000000000000000e+02 -2.000000000000000000e+01 0.000000000000000000e+00
-1.300000000000000000e+02 -1.000000000000000000e+01 0.000000000000000000e+00
-1.300000000000000000e+02 0.000000000000000000e+00 0.000000000000000000e+00
-1.300000000000000000e+02 1.000000000000000000e+01 0.000000000000000000e+00
-1.300000000000000000e+02 2.000000000000000000e+01 0.000000000000000000e+00
-1.300000000000000000e+02 3.000000000000000000e+01 0.000000000000000000e+00
-1.300000000000000000e+02 4.000000000000000000e+01 0.000000000000000000e+00
-1.300000000000000000e+02 5.000000000000000000e+01 0.000000000000000000e+00
-1.300000000000000000e+02 6.000000000000000000e+01 0.000000000000000000e+00
-1.300000000000000000e+02 7.000000000000000000e+01 0.000000000000000000e+00
-1.300000000000000000e+02 8.000000000000000000e+01 0.000000000000000000e+00
-1.300000000000000000e+02 9.000000000000000000e+01 0.000000000000000000e+00
-1.300000000000000000e+02 1.000000000000000000e+02 0.000000000000000000e+00
-1.300000000000000000e+02 1.100000000000000000e+02 0.000000000000000000e+00
-1.300000000000000000e+02 1.200000000000000000e+02 0.000000000000000000e+00
-1.300000000000000000e+02 1.300000000000000000e+02 0.000000000000000000e+00
-1.300000000000000000e+02 1.400000000000000000e+02 0.000000000000000000e+00
-1.300000000000000000e+02 1.500000000000000000e+02 0.000000000000000000e+00
-1.300000000000000000e+02 1.600000000000000000e+02 0.000000000000000000e+00
-1.300000000000000000e+02 1.700000000000000000e+02 0.000000000000000000e+00
-1.300000000000000000e+02 1.800000000000000000e+02 0.000000000000000000e+00
-1.200000000000000000e+02 -1.800000000000000000e+02 0.000000000000000000e+00
-1.200000000000000000e+02 -1.700000000000000000e+02 0.000000000000000000e+00
-1.200000000000000000e+02 -1.600000000000000000e+02 0.000000000000000000e+00
-1.200000000000000000e+02 -1.500000000000000000e+02 0.000000000000000000e+00
-1.200000000000000000e+02 -1.400000000000000000e+02 0.000000000000000000e+00
-1.200000000000000000e+02 -1.300000000000000000e+02 1.569999999999999998e-03
-1.200000000000000000e+02 -1.200000000000000000e+02 1.178000000000000054e-02
-1.200000000000000000e+02 -1.100000000000000000e+02 8.645700000000000607e-02
-1.200000000000000000e+02 -1.000000000000000000e+02 3.545099999999999640e-02
-1.200000000000000000e+02 -9.000000000000000000e+01 2.390399999999999817e-02
-1.200000000000000000e+02 -8.000000000000000000e+01 5.351999999999999987e-03
-1.200000000000000000e+02 -7.000000000000000000e+01 2.446999999999999956e-03
-1.200000000000000000e+02 -6.000000000000000000e+01 0.000000000000000000e+00
-1.200000000000000000e+02 -5.000000000000000000e+01 0.000000000000000000e+00
-1.200000000000000000e+02 -4.000000000000000000e+01 0.000000000000000000e+00
-1.200000000000000000e+02 -3.000000000000000000e+01 0.000000000000000000e+00
-1.200000000000000000e+02 -2.000000000000000000e+01 0.000000000000000000e+00
-1.200000000000000000e+02 -1.000000000000000000e+01 0.000000000000000000e+00
-1.200000000000000000e+02 0.000000000000000000e+00 0.000000000000000000e+00
-1.200000000000000000e+02 1.000000000000000000e+01 0.000000000000000000e+00
-1.200000000000000000e+02 2.000000000000000000e+01 0.000000000000000000e+00
-1.200000000000000000e+02 3.000000000000000000e+01 0.000000000000000000e+00
-1.200000000000000000e+02 4.000000000000000000e+01 0.000000000000000000e+00
-1.200000000000000000e+02 5.000000000000000000e+01 0.000000000000000000e+00
-1.200000000000000000e+02 6.000000000000000000e+01 0.000000000000000000e+00
-1.200000000000000000e+02 7.000000000000000000e+01 0.000000000000000000e+00
-1.200000000000000000e+02 8.000000000000000000e+01 0.000000000000000000e+00
-1.200000000000000000e+02 9.000000000000000000e+01 0.000000000000000000e+00
-1.200000000000000000e+02 1.000000000000000000e+02 0.000000000000000000e+00
-1.200000000000000000e+02 1.100000000000000000e+02 0.000000000000000000e+00
-1.200000000000000000e+02 1.200000000000000000e+02 0.000000000000000000e+00
-1.200000000000000000e+02 1.300000000000000000e+02 0.000000000000000000e+00
-1.200000000000000000e+02 1.400000000000000000e+02 0.000000000000000000e+00
-1.200000000000000000e+02 1.500000000000000000e+02 0.000000000000000000e+00
-1.200000000000000000e+02 1.600000000000000000e+02 0.000000000000000000e+00
-1.200000000000000000e+02 1.700000000000000000e+02 0.000000000000000000e+00
-1.200000000000000000e+02 1.800000000000000000e+02 0.000000000000000000e+00
-1.100000000000000000e+02 -1.800000000000000000e+02 0.000000000000000000e+00
-1.100000000000000000e+02 -1.700000000000000000e+02 0.000000000000000000e+00
-1.100000000000000000e+02 -1.600000000000000000e+02 0.000000000000000000e+00
-1.100000000000000000e+02 -1.500000000000000000e+02 0.000000000000000000e+00
-1.100000000000000000e+02 -1.400000000000000000e+02 5.580000000000000107e-04
-1.100000000000000000e+02 -1.300000000000000000e+02 3.512999999999999630e-03
-1.100000000000000000e+02 -1.200000000000000000e+02 5.262500000000000511e-02
-1.100000000000000000e+02 -1.100000000000000000e+02 1.348320000000000074e-01
-1.100000000000000000e+02 -1.000000000000000000e+02 1.676999999999999880e-01
-1.100000000000000000e+02 -9.000000000000000000e+01 4.759999999999999648e-02
-1.100000000000000000e+02 -8.000000000000000000e+01 8.711999999999999258e-03
-1.100000000000000000e+02 -7.000000000000000000e+01 0.000000000000000000e+00
-1.100000000000000000e+02 -6.000000000000000000e+01 0.000000000000000000e+00
-1.100000000000000000e+02 -5.000000000000000000e+01 0.000000000000000000e+00
-1.100000000000000000e+02 -4.000000000000000000e+01 0.000000000000000000e+00
-1.100000000000000000e+02 -3.000000000000000000e+01 0.000000000000000000e+00
-1.100000000000000000e+02 -2.000000000000000000e+01 0.000000000000000000e+00
-1.100000000000000000e+02 -1.000000000000000000e+01 0.000000000000000000e+00
-1.100000000000000000e+02 0.000000000000000000e+00 0.000000000000000000e+00
-1.100000000000000000e+02 1.000000000000000000e+01 0.000000000000000000e+00
-1.100000000000000000e+02 2.000000000000000000e+01 0.000000000000000000e+00
-1.100000000000000000e+02 3.000000000000000000e+01 0.000000000000000000e+00
-1.100000000000000000e+02 4.000000000000000000e+01 0.000000000000000000e+00
-1.100000000000000000e+02 5.000000000000000000e+01 0.000000000000000000e+00
-1.100000000000000000e+02 6.000000000000000000e+01 0.000000000000000000e+00
-1.100000000000000000e+02 7.000000000000000000e+01 0.000000000000000000e+00
-1.100000000000000000e+02 8.000000000000000000e+01 0.000000000000000000e+00
-1.100000000000000000e+02 9.000000000000000000e+01 0.000000000000000000e+00
-1.100000000000000000e+02 1.000000000000000000e+02 0.000000000000000000e+00
-1.100000000000000000e+02 1.100000000000000000e+02 0.000000000000000000e+00
-1.100000000000000000e+02 1.200000000000000000e+02 0.000000000000000000e+00
-1.100000000000000000e+02 1.300000000000000000e+02 0.000000000000000000e+00
-1.100000000000000000e+02 1.400000000000000000e+02 0.000000000000000000e+00
-1.100000000000000000e+02 1.500000000000000000e+02 0.000000000000000000e+00
-1.100000000000000000e+02 1.600000000000000000e+02 0.000000000000000000e+00
-1.100000000000000000e+02 1.700000000000000000e+02 0.000000000000000000e+00
-1.100000000000000000e+02 1.800000000000000000e+02 0.000000000000000000e+00
-1.000000000000000000e+02 -1.800000000000000000e+02 0.000000000000000000e+00
-1.000000000000000000e+02 -1.700000000000000000e+02 0.000000000000000000e+00
-1.000000000000000000e+02 -1.600000000000000000e+02 0.000000000000000000e+00
-1.000000000000000000e+02 -1.500000000000000000e+02 0.000000000000000000e+00
-1.000000000000000000e+02 -1.400000000000000000e+02 0.000000000000000000e+00
-1.000000000000000000e+02 -1.300000000000000000e+02 2.020199999999999774e-02
-1.000000000000000000e+02 -1.200000000000000000e+02 8.292599999999999971e-02
-1.000000000000000000e+02 -1.100000000000000000e+02 3.124190000000000023e-01
-1.000000000000000000e+02 -1.000000000000000000e+02 2.562659999999999938e-01
-1.000000000000000000e+02 -9.000000000000000000e+01 8.654900000000000093e-02
-1.000000000000000000e+02 -8.000000000000000000e+01 1.651199999999999890e-02
-1.000000000000000000e+02 -7.000000000000000000e+01 1.541999999999999968e-03
-1.000000000000000000e+02 -6.000000000000000000e+01 2.266999999999999918e-03
-1.000000000000000000e+02 -5.000000000000000000e+01 0.000000000000000000e+00
-1.000000000000000000e+02 -4.000000000000000000e+01 0.000000000000000000e+00
-1.000000000000000000e+02 -3.000000000000000000e+01 0.000000000000000000e+00
-1.000000000000000000e+02 -2.000000000000000000e+01 0.000000000000000000e+00
-1.000000000000000000e+02 -1.000000000000000000e+01 0.000000000000000000e+00
-1.000000000000000000e+02 0.000000000000000000e+00 0.000000000000000000e+00
-1.000000000000000000e+02 1.000000000000000000e+01 0.000000000000000000e+00
-1.000000000000000000e+02 2.000000000000000000e+01 0.000000000000000000e+00
-1.000000000000000000e+02 3.000000000000000000e+01 0.000000000000000000e+00
-1.000000000000000000e+02 4.000000000000000000e+01 0.000000000000000000e+00
-1.000000000000000000e+02 5.000000000000000000e+01 0.000000000000000000e+00
-1.000000000000000000e+02 6.000000000000000000e+01 0.000000000000000000e+00
-1.000000000000000000e+02 7.000000000000000000e+01 0.000000000000000000e+00
-1.000000000000000000e+02 8.000000000000000000e+01 0.000000000000000000e+00
-1.000000000000000000e+02 9.000000000000000000e+01 0.000000000000000000e+00
-1.000000000000000000e+02 1.000000000000000000e+02 0.000000000000000000e+00
-1.000000000000000000e+02 1.100000000000000000e+02 0.000000000000000000e+00
-1.000000000000000000e+02 1.200000000000000000e+02 0.000000000000000000e+00
-1.000000000000000000e+02 1.300000000000000000e+02 0.000000000000000000e+00
-1.000000000000000000e+02 1.400000000000000000e+02 0.000000000000000000e+00
-1.000000000000000000e+02 1.500000000000000000e+02 0.000000000000000000e+00
-1.000000000000000000e+02 1.600000000000000000e+02 0.000000000000000000e+00
-1.000000000000000000e+02 1.700000000000000000e+02 0.000000000000000000e+00
-1.000000000000000000e+02 1.800000000000000000e+02 0.000000000000000000e+00
-9.000000000000000000e+01 -1.800000000000000000e+02 0.000000000000000000e+00
-9.000000000000000000e+01 -1.700000000000000000e+02 0.000000000000000000e+00
-9.000000000000000000e+01 -1.600000000000000000e+02 0.000000000000000000e+00
-9.000000000000000000e+01 -1.500000000000000000e+02 0.000000000000000000e+00
-9.000000000000000000e+01 -1.400000000000000000e+02 2.200000000000000133e-03
-9.000000000000000000e+01 -1.300000000000000000e+02 2.438099999999999989e-02
-9.000000000000000000e+01 -1.200000000000000000e+02 2.552849999999999842e-01
-9.000000000000000000e+01 -1.100000000000000000e+02 7.651169999999999360e-01
-9.000000000000000000e+01 -1.000000000000000000e+02 7.051700000000000745e-01
-9.000000000000000000e+01 -9.000000000000000000e+01 2.816720000000000335e-01
-9.000000000000000000e+01 -8.000000000000000000e+01 4.671900000000000358e-02
-9.000000000000000000e+01 -7.000000000000000000e+01 3.212999999999999710e-03
-9.000000000000000000e+01 -6.000000000000000000e+01 0.000000000000000000e+00
-9.000000000000000000e+01 -5.000000000000000000e+01 0.000000000000000000e+00
-9.000000000000000000e+01 -4.000000000000000000e+01 0.000000000000000000e+00
-9.000000000000000000e+01 -3.000000000000000000e+01 0.000000000000000000e+00
-9.000000000000000000e+01 -2.000000000000000000e+01 0.000000000000000000e+00
-9.000000000000000000e+01 -1.000000000000000000e+01 0.000000000000000000e+00
-9.000000000000000000e+01 0.000000000000000000e+00 0.000000000000000000e+00
-9.000000000000000000e+01 1.000000000000000000e+01 0.000000000000000000e+00
-9.000000000000000000e+01 2.000000000000000000e+01 0.000000000000000000e+00
-9.000000000000000000e+01 3.000000000000000000e+01 0.000000000000000000e+00
-9.000000000000000000e+01 4.000000000000000000e+01 0.000000000000000000e+00
-9.000000000000000000e+01 5.000000000000000000e+01 0.000000000000000000e+00
-9.000000000000000000e+01 6.000000000000000000e+01 0.000000000000000000e+00
-9.000000000000000000e+01 7.000000000000000000e+01 0.000000000000000000e+00
-9.000000000000000000e+01 8.000000000000000000e+01 0.000000000000000000e+00
-9.000000000000000000e+01 9.000000000000000000e+01 0.000000000000000000e+00
-9.000000000000000000e+01 1.000000000000000000e+02 0.000000000000000000e+00
-9.000000000000000000e+01 1.100000000000000000e+02 0.000000000000000000e+00
-9.000000000000000000e+01 1.200000000000000000e+02 0.000000000000000000e+00
-9.000000000000000000e+01 1.300000000000000000e+02 0.000000000000000000e+00
-9.000000000000000000e+01 1.400000000000000000e+02 0.000000000000000000e+00
-9.000000000000000000e+01 1.500000000000000000e+02 0.000000000000000000e+00
-9.000000000000000000e+01 1.600000000000000000e+02 0.000000000000000000e+00
-9.000000000000000000e+01 1.700000000000000000e+02 0.000000000000000000e+00
-9.000000000000000000e+01 1.800000000000000000e+02 0.000000000000000000e+00
-8.000000000000000000e+01 -1.800000000000000000e+02 0.000000000000000000e+00
-8.000000000000000000e+01 -1.700000000000000000e+02 0.000000000000000000e+00
-8.000000000000000000e+01 -1.600000000000000000e+02 0.000000000000000000e+00
-8.000000000000000000e+01 -1.500000000000000000e+02 0.000000000000000000e+00
-8.000000000000000000e+01 -1.400000000000000000e+02 6.176000000000000066e-03
-8.000000000000000000e+01 -1.300000000000000000e+02 9.785000000000000642e-02
-8.000000000000000000e+01 -1.200000000000000000e+02 7.912239999999999274e-01
-8.000000000000000000e+01 -1.100000000000000000e+02 2.849044000000000132e+00
-8.000000000000000000e+01 -1.000000000000000000e+02 3.418619999999999770e+00
-8.000000000000000000e+01 -9.000000000000000000e+01 1.712196000000000051e+00
-8.000000000000000000e+01 -8.000000000000000000e+01 3.258499999999999730e-01
-8.000000000000000000e+01 -7.000000000000000000e+01 2.584000000000000186e-02
-8.000000000000000000e+01 -6.000000000000000000e+01 7.849999999999999990e-04
-8.000000000000000000e+01 -5.000000000000000000e+01 0.000000000000000000e+00
-8.000000000000000000e+01 -4.000000000000000000e+01 0.000000000000000000e+00
-8.000000000000000000e+01 -3.000000000000000000e+01 0.000000000000000000e+00
-8.000000000000000000e+01 -2.000000000000000000e+01 0.000000000000000000e+00
-8.000000000000000000e+01 -1.000000000000000000e+01 0.000000000000000000e+00
-8.000000000000000000e+01 0.000000000000000000e+00 0.000000000000000000e+00
-8.000000000000000000e+01 1.000000000000000000e+01 0.000000000000000000e+00
-8.000000000000000000e+01 2.000000000000000000e+01 0.000000000000000000e+00
-8.000000000000000000e+01 3.000000000000000000e+01 0.000000000000000000e+00
-8.000000000000000000e+01 4.000000000000000000e+01 0.000000000000000000e+00
-8.000000000000000000e+01 5.000000000000000000e+01 0.000000000000000000e+00
-8.000000000000000000e+01 6.000000000000000000e+01 0.000000000000000000e+00
-8.000000000000000000e+01 7.000000000000000000e+01 0.000000000000000000e+00
-8.000000000000000000e+01 8.000000000000000000e+01 0.000000000000000000e+00
-8.000000000000000000e+01 9.000000000000000000e+01 0.000000000000000000e+00
-8.000000000000000000e+01 1.000000000000000000e+02 0.000000000000000000e+00
-8.000000000000000000e+01 1.100000000000000000e+02 0.000000000000000000e+00
-8.000000000000000000e+01 1.200000000000000000e+02 0.000000000000000000e+00
-8.000000000000000000e+01 1.300000000000000000e+02 0.000000000000000000e+00
-8.000000000000000000e+01 1.400000000000000000e+02 0.000000000000000000e+00
-8.000000000000000000e+01 1.500000000000000000e+02 0.000000000000000000e+00
-8.000000000000000000e+01 1.600000000000000000e+02 0.000000000000000000e+00
-8.000000000000000000e+01 1.700000000000000000e+02 0.000000000000000000e+00
-8.000000000000000000e+01 1.800000000000000000e+02 0.000000000000000000e+00
-7.000000000000000000e+01 -1.800000000000000000e+02 0.000000000000000000e+00
-7.000000000000000000e+01 -1.700000000000000000e+02 0.000000000000000000e+00
-7.000000000000000000e+01 -1.600000000000000000e+02 0.000000000000000000e+00
-7.000000000000000000e+01 -1.500000000000000000e+02 1.296999999999999976e-03
-7.000000000000000000e+01 -1.400000000000000000e+02 2.293299999999999852e-02
-7.000000000000000000e+01 -1.300000000000000000e+02 4.997709999999999653e-01
-7.000000000000000000e+01 -1.200000000000000000e+02 4.388480999999999632e+00
-7.000000000000000000e+01 -1.100000000000000000e+02 1.529996200000000073e+01
-7.000000000000000000e+01 -1.000000000000000000e+02 2.407875199999999793e+01
-7.000000000000000000e+01 -9.000000000000000000e+01 1.727100199999999930e+01
-7.000000000000000000e+01 -8.000000000000000000e+01 3.416570999999999803e+00
-7.000000000000000000e+01 -7.000000000000000000e+01 1.292310000000000125e-01
-7.000000000000000000e+01 -6.000000000000000000e+01 3.409999999999999945e-04
-7.000000000000000000e+01 -5.000000000000000000e+01 0.000000000000000000e+00
-7.000000000000000000e+01 -4.000000000000000000e+01 0.000000000000000000e+00
-7.000000000000000000e+01 -3.000000000000000000e+01 0.000000000000000000e+00
-7.000000000000000000e+01 -2.000000000000000000e+01 0.000000000000000000e+00
-7.000000000000000000e+01 -1.000000000000000000e+01 0.000000000000000000e+00
-7.000000000000000000e+01 0.000000000000000000e+00 0.000000000000000000e+00
-7.000000000000000000e+01 1.000000000000000000e+01 0.000000000000000000e+00
-7.000000000000000000e+01 2.000000000000000000e+01 0.000000000000000000e+00
-7.000000000000000000e+01 3.000000000000000000e+01 0.000000000000000000e+00
-7.000000000000000000e+01 4.000000000000000000e+01 0.000000000000000000e+00
-7.000000000000000000e+01 5.000000000000000000e+01 0.000000000000000000e+00
-7.000000000000000000e+01 6.000000000000000000e+01 0.000000000000000000e+00
-7.000000000000000000e+01 7.000000000000000000e+01 0.000000000000000000e+00
-7.000000000000000000e+01 8.000000000000000000e+01 0.000000000000000000e+00
-7.000000000000000000e+01 9.000000000000000000e+01 0.000000000000000000e+00
-7.000000000000000000e+01 1.000000000000000000e+02 0.000000000000000000e+00
-7.000000000000000000e+01 1.100000000000000000e+02 0.000000000000000000e+00
-7.000000000000000000e+01 1.200000000000000000e+02 0.000000000000000000e+00
-7.000000000000000000e+01 1.300000000000000000e+02 0.000000000000000000e+00
-7.000000000000000000e+01 1.400000000000000000e+02 0.000000000000000000e+00
-7.000000000000000000e+01 1.500000000000000000e+02 0.000000000000000000e+00
-7.000000000000000000e+01 1.600000000000000000e+02 0.000000000000000000e+00
-7.000000000000000000e+01 1.700000000000000000e+02 0.000000000000000000e+00
-7.000000000000000000e+01 1.800000000000000000e+02 0.000000000000000000e+00
-6.000000000000000000e+01 -1.800000000000000000e+02 0.000000000000000000e+00
-6.000000000000000000e+01 -1.700000000000000000e+02 0.000000000000000000e+00
-6.000000000000000000e+01 -1.600000000000000000e+02 0.000000000000000000e+00
-6.000000000000000000e+01 -1.500000000000000000e+02 0.000000000000000000e+00
-6.000000000000000000e+01 -1.400000000000000000e+02 1.240160000000000012e-01
-6.000000000000000000e+01 -1.300000000000000000e+02 2.184324999999999850e+00
-6.000000000000000000e+01 -1.200000000000000000e+02 1.785269199999999756e+01
-6.000000000000000000e+01 -1.100000000000000000e+02 6.984777800000000525e+01
-6.000000000000000000e+01 -1.000000000000000000e+02 1.448369910000000118e+02
-6.000000000000000000e+01 -9.000000000000000000e+01 1.238195989999999966e+02
-6.000000000000000000e+01 -8.000000000000000000e+01 2.364243199999999945e+01
-6.000000000000000000e+01 -7.000000000000000000e+01 5.798000000000000931e-01
-6.000000000000000000e+01 -6.000000000000000000e+01 1.180800000000000079e-02
-6.000000000000000000e+01 -5.000000000000000000e+01 0.000000000000000000e+00
-6.000000000000000000e+01 -4.000000000000000000e+01 0.000000000000000000e+00
-6.000000000000000000e+01 -3.000000000000000000e+01 0.000000000000000000e+00
-6.000000000000000000e+01 -2.000000000000000000e+01 0.000000000000000000e+00
-6.000000000000000000e+01 -1.000000000000000000e+01 0.000000000000000000e+00
-6.000000000000000000e+01 0.000000000000000000e+00 0.000000000000000000e+00
-6.000000000000000000e+01 1.000000000000000000e+01 0.000000000000000000e+00
-6.000000000000000000e+01 2.000000000000000000e+01 0.000000000000000000e+00
-6.000000000000000000e+01 3.000000000000000000e+01 0.000000000000000000e+00
-6.000000000000000000e+01 4.000000000000000000e+01 0.000000000000000000e+00
-6.000000000000000000e+01 5.000000000000000000e+01 0.000000000000000000e+00
-6.000000000000000000e+01 6.000000000000000000e+01 0.000000000000000000e+00
-6.000000000000000000e+01 7.000000000000000000e+01 0.000000000000000000e+00
-6.000000000000000000e+01 8.000000000000000000e+01 0.000000000000000000e+00
-6.000000000000000000e+01 9.000000000000000000e+01 0.000000000000000000e+00
-6.000000000000000000e+01 1.000000000000000000e+02 0.000000000000000000e+00
-6.000000000000000000e+01 1.100000000000000000e+02 0.000000000000000000e+00
-6.000000000000000000e+01 1.200000000000000000e+02 0.000000000000000000e+00
-6.000000000000000000e+01 1.300000000000000000e+02 0.000000000000000000e+00
-6.000000000000000000e+01 1.400000000000000000e+02 0.000000000000000000e+00
-6.000000000000000000e+01 1.500000000000000000e+02 0.000000000000000000e+00
-6.000000000000000000e+01 1.600000000000000000e+02 0.000000000000000000e+00
-6.000000000000000000e+01 1.700000000000000000e+02 0.000000000000000000e+00
-6.000000000000000000e+01 1.800000000000000000e+02 0.000000000000000000e+00
-5.000000000000000000e+01 -1.800000000000000000e+02 0.000000000000000000e+00
-5.000000000000000000e+01 -1.700000000000000000e+02 0.000000000000000000e+00
-5.000000000000000000e+01 -1.600000000000000000e+02 0.000000000000000000e+00
-5.000000000000000000e+01 -1.500000000000000000e+02 6.571999999999999717e-03
-5.000000000000000000e+01 -1.400000000000000000e+02 2.820500000000000229e-01
-5.000000000000000000e+01 -1.300000000000000000e+02 3.936306000000000083e+00
-5.000000000000000000e+01 -1.200000000000000000e+02 2.903083400000000225e+01
-5.000000000000000000e+01 -1.100000000000000000e+02 1.428908879999999897e+02
-5.000000000000000000e+01 -1.000000000000000000e+02 3.580307839999999828e+02
-5.000000000000000000e+01 -9.000000000000000000e+01 3.067547720000000027e+02
-5.000000000000000000e+01 -8.000000000000000000e+01 5.647261499999999756e+01
-5.000000000000000000e+01 -7.000000000000000000e+01 1.367280000000000051e+00
-5.000000000000000000e+01 -6.000000000000000000e+01 3.687999999999999612e-02
-5.000000000000000000e+01 -5.000000000000000000e+01 0.000000000000000000e+00
-5.000000000000000000e+01 -4.000000000000000000e+01 0.000000000000000000e+00
-5.000000000000000000e+01 -3.000000000000000000e+01 0.000000000000000000e+00
-5.000000000000000000e+01 -2.000000000000000000e+01 0.000000000000000000e+00
-5.000000000000000000e+01 -1.000000000000000000e+01 0.000000000000000000e+00
-5.000000000000000000e+01 0.000000000000000000e+00 0.000000000000000000e+00
-5.000000000000000000e+01 1.000000000000000000e+01 0.000000000000000000e+00
-5.000000000000000000e+01 2.000000000000000000e+01 0.000000000000000000e+00
-5.000000000000000000e+01 3.000000000000000000e+01 0.000000000000000000e+00
-5.000000000000000000e+01 4.000000000000000000e+01 0.000000000000000000e+00
-5.000000000000000000e+01 5.000000000000000000e+01 0.000000000000000000e+00
-5.000000000000000000e+01 6.000000000000000000e+01 0.000000000000000000e+00
-5.000000000000000000e+01 7.000000000000000000e+01 0.000000000000000000e+00
-5.000000000000000000e+01 8.000000000000000000e+01 0.000000000000000000e+00
-5.000000000000000000e+01 9.000000000000000000e+01 0.000000000000000000e+00
-5.000000000000000000e+01 1.000000000000000000e+02 0.000000000000000000e+00
-5.000000000000000000e+01 1.100000000000000000e+02 0.000000000000000000e+00
-5.000000000000000000e+01 1.200000000000000000e+02 0.000000000000000000e+00
-5.000000000000000000e+01 1.300000000000000000e+02 0.000000000000000000e+00
-5.000000000000000000e+01 1.400000000000000000e+02 0.000000000000000000e+00
-5.000000000000000000e+01 1.500000000000000000e+02 0.000000000000000000e+00
-5.000000000000000000e+01 1.600000000000000000e+02 0.000000000000000000e+00
-5.000000000000000000e+01 1.700000000000000000e+02 0.000000000000000000e+00
-5.000000000000000000e+01 1.800000000000000000e+02 0.000000000000000000e+00
-4.000000000000000000e+01 -1.800000000000000000e+02 0.000000000000000000e+00
-4.000000000000000000e+01 -1.700000000000000000e+02 0.000000000000000000e+00
-4.000000000000000000e+01 -1.600000000000000000e+02 0.000000000000000000e+00
-4.000000000000000000e+01 -1.500000000000000000e+02 0.000000000000000000e+00
-4.000000000000000000e+01 -1.400000000000000000e+02 1.010700000000000071e-01
-4.000000000000000000e+01 -1.300000000000000000e+02 2.019401999999999919e+00
-4.000000000000000000e+01 -1.200000000000000000e+02 1.565561999999999898e+01
-4.000000000000000000e+01 -1.100000000000000000e+02 9.207593999999998857e+01
-4.000000000000000000e+01 -1.000000000000000000e+02 2.779960749999999621e+02
-4.000000000000000000e+01 -9.000000000000000000e+01 2.363854499999999916e+02
-4.000000000000000000e+01 -8.000000000000000000e+01 4.786305200000000326e+01
-4.000000000000000000e+01 -7.000000000000000000e+01 2.174040000000000195e+00
-4.000000000000000000e+01 -6.000000000000000000e+01 2.299299999999999955e-02
-4.000000000000000000e+01 -5.000000000000000000e+01 0.000000000000000000e+00
-4.000000000000000000e+01 -4.000000000000000000e+01 0.000000000000000000e+00
-4.000000000000000000e+01 -3.000000000000000000e+01 0.000000000000000000e+00
-4.000000000000000000e+01 -2.000000000000000000e+01 0.000000000000000000e+00
-4.000000000000000000e+01 -1.000000000000000000e+01 0.000000000000000000e+00
-4.000000000000000000e+01 0.000000000000000000e+00 0.000000000000000000e+00
-4.000000000000000000e+01 1.000000000000000000e+01 0.000000000000000000e+00
-4.000000000000000000e+01 2.000000000000000000e+01 0.000000000000000000e+00
-4.000000000000000000e+01 3.000000000000000000e+01 0.000000000000000000e+00
-4.000000000000000000e+01 4.000000000000000000e+01 0.000000000000000000e+00
-4.000000000000000000e+01 5.000000000000000000e+01 0.000000000000000000e+00
-4.000000000000000000e+01 6.000000000000000000e+01 0.000000000000000000e+00
-4.000000000000000000e+01 7.000000000000000000e+01 0.000000000000000000e+00
-4.000000000000000000e+01 8.000000000000000000e+01 0.000000000000000000e+00
-4.000000000000000000e+01 9.000000000000000000e+01 0.000000000000000000e+00
-4.000000000000000000e+01 1.000000000000000000e+02 0.000000000000000000e+00
-4.000000000000000000e+01 1.100000000000000000e+02 0.000000000000000000e+00
-4.000000000000000000e+01 1.200000000000000000e+02 0.000000000000000000e+00
-4.000000000000000000e+01 1.300000000000000000e+02 0.000000000000000000e+00
-4.000000000000000000e+01 1.400000000000000000e+02 0.000000000000000000e+00
-4.000000000000000000e+01 1.500000000000000000e+02 0.000000000000000000e+00
-4.000000000000000000e+01 1.600000000000000000e+02 0.000000000000000000e+00
-4.000000000000000000e+01 1.700000000000000000e+02 0.000000000000000000e+00
-4.000000000000000000e+01 1.800000000000000000e+02 0.000000000000000000e+00
-3.000000000000000000e+01 -1.800000000000000000e+02 0.000000000000000000e+00
-3.000000000000000000e+01 -1.700000000000000000e+02 0.000000000000000000e+00
-3.000000000000000000e+01 -1.600000000000000000e+02 0.000000000000000000e+00
-3.000000000000000000e+01 -1.500000000000000000e+02 0.000000000000000000e+00
-3.000000000000000000e+01 -1.400000000000000000e+02 0.000000000000000000e+00
-3.000000000000000000e+01 -1.300000000000000000e+02 2.687740000000000129e-01
-3.000000000000000000e+01 -1.200000000000000000e+02 2.719320000000000181e+00
-3.000000000000000000e+01 -1.100000000000000000e+02 1.905749400000000193e+01
-3.000000000000000000e+01 -1.000000000000000000e+02 7.273258800000000690e+01
-3.000000000000000000e+01 -9.000000000000000000e+01 8.364836000000001093e+01
-3.000000000000000000e+01 -8.000000000000000000e+01 1.716468499999999864e+01
-3.000000000000000000e+01 -7.000000000000000000e+01 8.958880000000000177e-01
-3.000000000000000000e+01 -6.000000000000000000e+01 0.000000000000000000e+00
-3.000000000000000000e+01 -5.000000000000000000e+01 0.000000000000000000e+00
-3.000000000000000000e+01 -4.000000000000000000e+01 0.000000000000000000e+00
-3.000000000000000000e+01 -3.000000000000000000e+01 0.000000000000000000e+00
-3.000000000000000000e+01 -2.000000000000000000e+01 0.000000000000000000e+00
-3.000000000000000000e+01 -1.000000000000000000e+01 0.000000000000000000e+00
-3.000000000000000000e+01 0.000000000000000000e+00 0.000000000000000000e+00
-3.000000000000000000e+01 1.000000000000000000e+01 0.000000000000000000e+00
-3.000000000000000000e+01 2.000000000000000000e+01 0.000000000000000000e+00
-3.000000000000000000e+01 3.000000000000000000e+01 0.000000000000000000e+00
-3.000000000000000000e+01 4.000000000000000000e+01 0.000000000000000000e+00
-3.000000000000000000e+01 5.000000000000000000e+01 0.000000000000000000e+00
-3.000000000000000000e+01 6.000000000000000000e+01 0.000000000000000000e+00
-3.000000000000000000e+01 7.000000000000000000e+01 0.000000000000000000e+00
-3.000000000000000000e+01 8.000000000000000000e+01 0.000000000000000000e+00
-3.000000000000000000e+01 9.000000000000000000e+01 0.000000000000000000e+00
-3.000000000000000000e+01 1.000000000000000000e+02 0.000000000000000000e+00
-3.000000000000000000e+01 1.100000000000000000e+02 0.000000000000000000e+00
-3.000000000000000000e+01 1.200000000000000000e+02 0.000000000000000000e+00
-3.000000000000000000e+01 1.300000000000000000e+02 0.000000000000000000e+00
-3.000000000000000000e+01 1.400000000000000000e+02 0.000000000000000000e+00
-3.000000000000000000e+01 1.500000000000000000e+02 0.000000000000000000e+00
-3.000000000000000000e+01 1.600000000000000000e+02 0.000000000000000000e+00
-3.000000000000000000e+01 1.700000000000000000e+02 0.000000000000000000e+00
-3.000000000000000000e+01 1.800000000000000000e+02 0.000000000000000000e+00
-2.000000000000000000e+01 -1.800000000000000000e+02 0.000000000000000000e+00
-2.000000000000000000e+01 -1.700000000000000000e+02 0.000000000000000000e+00
-2.000000000000000000e+01 -1.600000000000000000e+02 0.000000000000000000e+00
-2.000000000000000000e+01 -1.500000000000000000e+02 0.000000000000000000e+00
-2.000000000000000000e+01 -1.400000000000000000e+02 0.000000000000000000e+00
-2.000000000000000000e+01 -1.300000000000000000e+02 2.323800000000000171e-02
-2.000000000000000000e+01 -1.200000000000000000e+02 1.656900000000000039e-01
-2.000000000000000000e+01 -1.100000000000000000e+02 1.429650000000000087e+00
-2.000000000000000000e+01 -1.000000000000000000e+02 7.935087000000000224e+00
-2.000000000000000000e+01 -9.000000000000000000e+01 1.280276399999999981e+01
-2.000000000000000000e+01 -8.000000000000000000e+01 3.945546000000000220e+00
-2.000000000000000000e+01 -7.000000000000000000e+01 8.299239999999999950e-01
-2.000000000000000000e+01 -6.000000000000000000e+01 0.000000000000000000e+00
-2.000000000000000000e+01 -5.000000000000000000e+01 0.000000000000000000e+00
-2.000000000000000000e+01 -4.000000000000000000e+01 0.000000000000000000e+00
-2.000000000000000000e+01 -3.000000000000000000e+01 0.000000000000000000e+00
-2.000000000000000000e+01 -2.000000000000000000e+01 0.000000000000000000e+00
-2.000000000000000000e+01 -1.000000000000000000e+01 0.000000000000000000e+00
-2.000000000000000000e+01 0.000000000000000000e+00 0.000000000000000000e+00
-2.000000000000000000e+01 1.000000000000000000e+01 0.000000000000000000e+00
-2.000000000000000000e+01 2.000000000000000000e+01 0.000000000000000000e+00
-2.000000000000000000e+01 3.000000000000000000e+01 0.000000000000000000e+00
-2.000000000000000000e+01 4.000000000000000000e+01 0.000000000000000000e+00
-2.000000000000000000e+01 5.000000000000000000e+01 0.000000000000000000e+00
-2.000000000000000000e+01 6.000000000000000000e+01 0.000000000000000000e+00
-2.000000000000000000e+01 7.000000000000000000e+01 0.000000000000000000e+00
-2.000000000000000000e+01 8.000000000000000000e+01 0.000000000000000000e+00
-2.000000000000000000e+01 9.000000000000000000e+01 0.000000000000000000e+00
-2.000000000000000000e+01 1.000000000000000000e+02 0.000000000000000000e+00
-2.000000000000000000e+01 1.100000000000000000e+02 0.000000000000000000e+00
-2.000000000000000000e+01 1.200000000000000000e+02 0.000000000000000000e+00
-2.000000000000000000e+01 1.300000000000000000e+02 0.000000000000000000e+00
-2.000000000000000000e+01 1.400000000000000000e+02 0.000000000000000000e+00
-2.000000000000000000e+01 1.500000000000000000e+02 0.000000000000000000e+00
-2.000000000000000000e+01 1.600000000000000000e+02 0.000000000000000000e+00
-2.000000000000000000e+01 1.700000000000000000e+02 0.000000000000000000e+00
-2.000000000000000000e+01 1.800000000000000000e+02 0.000000000000000000e+00
-1.000000000000000000e+01 -1.800000000000000000e+02 0.000000000000000000e+00
-1.000000000000000000e+01 -1.700000000000000000e+02 0.000000000000000000e+00
-1.000000000000000000e+01 -1.600000000000000000e+02 0.000000000000000000e+00
-1.000000000000000000e+01 -1.500000000000000000e+02 0.000000000000000000e+00
-1.000000000000000000e+01 -1.400000000000000000e+02 0.000000000000000000e+00
-1.000000000000000000e+01 -1.300000000000000000e+02 0.000000000000000000e+00
-1.000000000000000000e+01 -1.200000000000000000e+02 0.000000000000000000e+00
-1.000000000000000000e+01 -1.100000000000000000e+02 8.593199999999999450e-02
-1.000000000000000000e+01 -1.000000000000000000e+02 9.809669999999999224e-01
-1.000000000000000000e+01 -9.000000000000000000e+01 3.167145999999999795e+00
-1.000000000000000000e+01 -8.000000000000000000e+01 1.300130999999999926e+00
-1.000000000000000000e+01 -7.000000000000000000e+01 0.000000000000000000e+00
-1.000000000000000000e+01 -6.000000000000000000e+01 0.000000000000000000e+00
-1.000000000000000000e+01 -5.000000000000000000e+01 0.000000000000000000e+00
-1.000000000000000000e+01 -4.000000000000000000e+01 0.000000000000000000e+00
-1.000000000000000000e+01 -3.000000000000000000e+01 0.000000000000000000e+00
-1.000000000000000000e+01 -2.000000000000000000e+01 0.000000000000000000e+00
-1.000000000000000000e+01 -1.000000000000000000e+01 0.000000000000000000e+00
-1.000000000000000000e+01 0.000000000000000000e+00 0.000000000000000000e+00
-1.000000000000000000e+01 1.000000000000000000e+01 0.000000000000000000e+00
-1.000000000000000000e+01 2.000000000000000000e+01 0.000000000000000000e+00
-1.000000000000000000e+01 3.000000000000000000e+01 0.000000000000000000e+00
-1.000000000000000000e+01 4.000000000000000000e+01 0.000000000000000000e+00
-1.000000000000000000e+01 5.000000000000000000e+01 0.000000000000000000e+00
-1.000000000000000000e+01 6.000000000000000000e+01 0.000000000000000000e+00
-1.000000000000000000e+01 7.000000000000000000e+01 0.000000000000000000e+00
-1.000000000000000000e+01 8.000000000000000000e+01 0.000000000000000000e+00
-1.000000000000000000e+01 9.000000000000000000e+01 0.000000000000000000e+00
-1.000000000000000000e+01 1.000000000000000000e+02 0.000000000000000000e+00
-1.000000000000000000e+01 1.100000000000000000e+02 0.000000000000000000e+00
-1.000000000000000000e+01 1.200000000000000000e+02 0.000000000000000000e+00
-1.000000000000000000e+01 1.300000000000000000e+02 0.000000000000000000e+00
-1.000000000000000000e+01 1.400000000000000000e+02 0.000000000000000000e+00
-1.000000000000000000e+01 1.500000000000000000e+02 0.000000000000000000e+00
-1.000000000000000000e+01 1.600000000000000000e+02 0.000000000000000000e+00
-1.000000000000000000e+01 1.700000000000000000e+02 0.000000000000000000e+00
-1.000000000000000000e+01 1.800000000000000000e+02 0.000000000000000000e+00
0.000000000000000000e+00 -1.800000000000000000e+02 0.000000000000000000e+00
0.000000000000000000e+00 -1.700000000000000000e+02 0.000000000000000000e+00
0.000000000000000000e+00 -1.600000000000000000e+02 0.000000000000000000e+00
0.000000000000000000e+00 -1.500000000000000000e+02 0.000000000000000000e+00
0.000000000000000000e+00 -1.400000000000000000e+02 0.000000000000000000e+00
0.000000000000000000e+00 -1.300000000000000000e+02 0.000000000000000000e+00
0.000000000000000000e+00 -1.200000000000000000e+02 0.000000000000000000e+00
0.000000000000000000e+00 -1.100000000000000000e+02 3.303500000000000186e-02
0.000000000000000000e+00 -1.000000000000000000e+02 3.432239999999999736e-01
0.000000000000000000e+00 -9.000000000000000000e+01 1.954848000000000141e+00
0.000000000000000000e+00 -8.000000000000000000e+01 3.024020999999999848e+00
0.000000000000000000e+00 -7.000000000000000000e+01 0.000000000000000000e+00
0.000000000000000000e+00 -6.000000000000000000e+01 0.000000000000000000e+00
0.000000000000000000e+00 -5.000000000000000000e+01 0.000000000000000000e+00
0.000000000000000000e+00 -4.000000000000000000e+01 0.000000000000000000e+00
0.000000000000000000e+00 -3.000000000000000000e+01 0.000000000000000000e+00
0.000000000000000000e+00 -2.000000000000000000e+01 0.000000000000000000e+00
0.000000000000000000e+00 -1.000000000000000000e+01 0.000000000000000000e+00
0.000000000000000000e+00 0.000000000000000000e+00 0.000000000000000000e+00
0.000000000000000000e+00 1.000000000000000000e+01 0.000000000000000000e+00
0.000000000000000000e+00 2.000000000000000000e+01 0.000000000000000000e+00
0.000000000000000000e+00 3.000000000000000000e+01 0.000000000000000000e+00
0.000000000000000000e+00 4.000000000000000000e+01 0.000000000000000000e+00
0.000000000000000000e+00 5.000000000000000000e+01 0.000000000000000000e+00
0.000000000000000000e+00 6.000000000000000000e+01 0.000000000000000000e+00
0.000000000000000000e+00 7.000000000000000000e+01 0.000000000000000000e+00
0.000000000000000000e+00 8.000000000000000000e+01 0.000000000000000000e+00
0.000000000000000000e+00 9.000000000000000000e+01 0.000000000000000000e+00
0.000000000000000000e+00 1.000000000000000000e+02 0.000000000000000000e+00
0.000000000000000000e+00 1.100000000000000000e+02 0.000000000000000000e+00
0.000000000000000000e+00 1.200000000000000000e+02 0.000000000000000000e+00
0.000000000000000000e+00 1.300000000000000000e+02 0.000000000000000000e+00
0.000000000000000000e+00 1.400000000000000000e+02 0.000000000000000000e+00
0.000000000000000000e+00 1.500000000000000000e+02 0.000000000000000000e+00
0.000000000000000000e+00 1.600000000000000000e+02 0.000000000000000000e+00
0.000000000000000000e+00 1.700000000000000000e+02 0.000000000000000000e+00
0.000000000000000000e+00 1.800000000000000000e+02 0.000000000000000000e+00
1.000000000000000000e+01 -1.800000000000000000e+02 0.000000000000000000e+00
1.000000000000000000e+01 -1.700000000000000000e+02 0.000000000000000000e+00
1.000000000000000000e+01 -1.600000000000000000e+02 0.000000000000000000e+00
1.000000000000000000e+01 -1.500000000000000000e+02 0.000000000000000000e+00
1.000000000000000000e+01 -1.400000000000000000e+02 0.000000000000000000e+00
1.000000000000000000e+01 -1.300000000000000000e+02 0.000000000000000000e+00
1.000000000000000000e+01 -1.200000000000000000e+02 0.000000000000000000e+00
1.000000000000000000e+01 -1.100000000000000000e+02 0.000000000000000000e+00
1.000000000000000000e+01 -1.000000000000000000e+02 1.300100000000000040e-02
1.000000000000000000e+01 -9.000000000000000000e+01 4.270559999999999912e-01
1.000000000000000000e+01 -8.000000000000000000e+01 1.377431999999999990e+00
1.000000000000000000e+01 -7.000000000000000000e+01 1.018403999999999865e+00
1.000000000000000000e+01 -6.000000000000000000e+01 0.000000000000000000e+00
1.000000000000000000e+01 -5.000000000000000000e+01 0.000000000000000000e+00
1.000000000000000000e+01 -4.000000000000000000e+01 0.000000000000000000e+00
1.000000000000000000e+01 -3.000000000000000000e+01 0.000000000000000000e+00
1.000000000000000000e+01 -2.000000000000000000e+01 0.000000000000000000e+00
1.000000000000000000e+01 -1.000000000000000000e+01 0.000000000000000000e+00
1.000000000000000000e+01 0.000000000000000000e+00 0.000000000000000000e+00
1.000000000000000000e+01 1.000000000000000000e+01 0.000000000000000000e+00
1.000000000000000000e+01 2.000000000000000000e+01 0.000000000000000000e+00
1.000000000000000000e+01 3.000000000000000000e+01 0.000000000000000000e+00
1.000000000000000000e+01 4.000000000000000000e+01 0.000000000000000000e+00
1.000000000000000000e+01 5.000000000000000000e+01 0.000000000000000000e+00
1.000000000000000000e+01 6.000000000000000000e+01 0.000000000000000000e+00
1.000000000000000000e+01 7.000000000000000000e+01 0.000000000000000000e+00
1.000000000000000000e+01 8.000000000000000000e+01 0.000000000000000000e+00
1.000000000000000000e+01 9.000000000000000000e+01 0.000000000000000000e+00
1.000000000000000000e+01 1.000000000000000000e+02 0.000000000000000000e+00
1.000000000000000000e+01 1.100000000000000000e+02 0.000000000000000000e+00
1.000000000000000000e+01 1.200000000000000000e+02 0.000000000000000000e+00
1.000000000000000000e+01 1.300000000000000000e+02 0.000000000000000000e+00
1.000000000000000000e+01 1.400000000000000000e+02 0.000000000000000000e+00
1.000000000000000000e+01 1.500000000000000000e+02 0.000000000000000000e+00
1.000000000000000000e+01 1.600000000000000000e+02 0.000000000000000000e+00
1.000000000000000000e+01 1.700000000000000000e+02 0.000000000000000000e+00
1.000000000000000000e+01 1.800000000000000000e+02 0.000000000000000000e+00
2.000000000000000000e+01 -1.800000000000000000e+02 0.000000000000000000e+00
2.000000000000000000e+01 -1.700000000000000000e+02 0.000000000000000000e+00
2.000000000000000000e+01 -1.600000000000000000e+02 0.000000000000000000e+00
2.000000000000000000e+01 -1.500000000000000000e+02 0.000000000000000000e+00
2.000000000000000000e+01 -1.400000000000000000e+02 0.000000000000000000e+00
2.000000000000000000e+01 -1.300000000000000000e+02 0.000000000000000000e+00
2.000000000000000000e+01 -1.200000000000000000e+02 0.000000000000000000e+00
2.000000000000000000e+01 -1.100000000000000000e+02 0.000000000000000000e+00
2.000000000000000000e+01 -1.000000000000000000e+02 0.000000000000000000e+00
2.000000000000000000e+01 -9.000000000000000000e+01 6.034400000000000180e-02
2.000000000000000000e+01 -8.000000000000000000e+01 1.106994000000000034e+00
2.000000000000000000e+01 -7.000000000000000000e+01 1.349663999999999975e+00
2.000000000000000000e+01 -6.000000000000000000e+01 1.056160000000000015e-01
2.000000000000000000e+01 -5.000000000000000000e+01 0.000000000000000000e+00
2.000000000000000000e+01 -4.000000000000000000e+01 0.000000000000000000e+00
2.000000000000000000e+01 -3.000000000000000000e+01 0.000000000000000000e+00
2.000000000000000000e+01 -2.000000000000000000e+01 0.000000000000000000e+00
2.000000000000000000e+01 -1.000000000000000000e+01 0.000000000000000000e+00
2.000000000000000000e+01 0.000000000000000000e+00 0.000000000000000000e+00
2.000000000000000000e+01 1.000000000000000000e+01 0.000000000000000000e+00
2.000000000000000000e+01 2.000000000000000000e+01 0.000000000000000000e+00
2.000000000000000000e+01 3.000000000000000000e+01 0.000000000000000000e+00
2.000000000000000000e+01 4.000000000000000000e+01 0.000000000000000000e+00
2.000000000000000000e+01 5.000000000000000000e+01 0.000000000000000000e+00
2.000000000000000000e+01 6.000000000000000000e+01 0.000000000000000000e+00
2.000000000000000000e+01 7.000000000000000000e+01 0.000000000000000000e+00
2.000000000000000000e+01 8.000000000000000000e+01 0.000000000000000000e+00
2.000000000000000000e+01 9.000000000000000000e+01 0.000000000000000000e+00
2.000000000000000000e+01 1.000000000000000000e+02 0.000000000000000000e+00
2.000000000000000000e+01 1.100000000000000000e+02 0.000000000000000000e+00
2.000000000000000000e+01 1.200000000000000000e+02 0.000000000000000000e+00
2.000000000000000000e+01 1.300000000000000000e+02 0.000000000000000000e+00
2.000000000000000000e+01 1.400000000000000000e+02 0.000000000000000000e+00
2.000000000000000000e+01 1.500000000000000000e+02 0.000000000000000000e+00
2.000000000000000000e+01 1.600000000000000000e+02 0.000000000000000000e+00
2.000000000000000000e+01 1.700000000000000000e+02 0.000000000000000000e+00
2.000000000000000000e+01 1.800000000000000000e+02 0.000000000000000000e+00
3.000000000000000000e+01 -1.800000000000000000e+02 0.000000000000000000e+00
3.000000000000000000e+01 -1.700000000000000000e+02 0.000000000000000000e+00
3.000000000000000000e+01 -1.600000000000000000e+02 0.000000000000000000e+00
3.000000000000000000e+01 -1.500000000000000000e+02 0.000000000000000000e+00
3.000000000000000000e+01 -1.400000000000000000e+02 0.000000000000000000e+00
3.000000000000000000e+01 -1.300000000000000000e+02 0.000000000000000000e+00
3.000000000000000000e+01 -1.200000000000000000e+02 0.000000000000000000e+00
3.000000000000000000e+01 -1.100000000000000000e+02 0.000000000000000000e+00
3.000000000000000000e+01 -1.000000000000000000e+02 0.000000000000000000e+00
3.000000000000000000e+01 -9.000000000000000000e+01 0.000000000000000000e+00
3.000000000000000000e+01 -8.000000000000000000e+01 5.675600000000000089e-02
3.000000000000000000e+01 -7.000000000000000000e+01 4.698660000000000059e-01
3.000000000000000000e+01 -6.000000000000000000e+01 9.848800000000000610e-02
3.000000000000000000e+01 -5.000000000000000000e+01 0.000000000000000000e+00
3.000000000000000000e+01 -4.000000000000000000e+01 0.000000000000000000e+00
3.000000000000000000e+01 -3.000000000000000000e+01 0.000000000000000000e+00
3.000000000000000000e+01 -2.000000000000000000e+01 0.000000000000000000e+00
3.000000000000000000e+01 -1.000000000000000000e+01 0.000000000000000000e+00
3.000000000000000000e+01 0.000000000000000000e+00 0.000000000000000000e+00
3.000000000000000000e+01 1.000000000000000000e+01 0.000000000000000000e+00
3.000000000000000000e+01 2.000000000000000000e+01 0.000000000000000000e+00
3.000000000000000000e+01 3.000000000000000000e+01 0.000000000000000000e+00
3.000000000000000000e+01 4.000000000000000000e+01 0.000000000000000000e+00
3.000000000000000000e+01 5.000000000000000000e+01 0.000000000000000000e+00
3.000000000000000000e+01 6.000000000000000000e+01 0.000000000000000000e+00
3.000000000000000000e+01 7.000000000000000000e+01 0.000000000000000000e+00
3.000000000000000000e+01 8.000000000000000000e+01 0.000000000000000000e+00
3.000000000000000000e+01 9.000000000000000000e+01 0.000000000000000000e+00
3.000000000000000000e+01 1.000000000000000000e+02 0.000000000000000000e+00
3.000000000000000000e+01 1.100000000000000000e+02 0.000000000000000000e+00
3.000000000000000000e+01 1.200000000000000000e+02 0.000000000000000000e+00
3.000000000000000000e+01 1.300000000000000000e+02 0.000000000000000000e+00
3.000000000000000000e+01 1.400000000000000000e+02 0.000000000000000000e+00
3.000000000000000000e+01 1.500000000000000000e+02 0.000000000000000000e+00
3.000000000000000000e+01 1.600000000000000000e+02 0.000000000000000000e+00
3.000000000000000000e+01 1.700000000000000000e+02 0.000000000000000000e+00
3.000000000000000000e+01 1.800000000000000000e+02 0.000000000000000000e+00
4.000000000000000000e+01 -1.800000000000000000e+02 0.000000000000000000e+00
4.000000000000000000e+01 -1.700000000000000000e+02 0.000000000000000000e+00
4.000000000000000000e+01 -1.600000000000000000e+02 0.000000000000000000e+00
4.000000000000000000e+01 -1.500000000000000000e+02 0.000000000000000000e+00
4.000000000000000000e+01 -1.400000000000000000e+02 0.000000000000000000e+00
4.000000000000000000e+01 -1.300000000000000000e+02 0.000000000000000000e+00
4.000000000000000000e+01 -1.200000000000000000e+02 0.000000000000000000e+00
4.000000000000000000e+01 -1.100000000000000000e+02 0.000000000000000000e+00
4.000000000000000000e+01 -1.000000000000000000e+02 0.000000000000000000e+00
4.000000000000000000e+01 -9.000000000000000000e+01 0.000000000000000000e+00
4.000000000000000000e+01 -8.000000000000000000e+01 0.000000000000000000e+00
4.000000000000000000e+01 -7.000000000000000000e+01 7.103399999999999992e-02
4.000000000000000000e+01 -6.000000000000000000e+01 0.000000000000000000e+00
4.000000000000000000e+01 -5.000000000000000000e+01 0.000000000000000000e+00
4.000000000000000000e+01 -4.000000000000000000e+01 0.000000000000000000e+00
4.000000000000000000e+01 -3.000000000000000000e+01 0.000000000000000000e+00
4.000000000000000000e+01 -2.000000000000000000e+01 0.000000000000000000e+00
4.000000000000000000e+01 -1.000000000000000000e+01 0.000000000000000000e+00
4.000000000000000000e+01 0.000000000000000000e+00 0.000000000000000000e+00
4.000000000000000000e+01 1.000000000000000000e+01 0.000000000000000000e+00
4.000000000000000000e+01 2.000000000000000000e+01 0.000000000000000000e+00
4.000000000000000000e+01 3.000000000000000000e+01 0.000000000000000000e+00
4.000000000000000000e+01 4.000000000000000000e+01 0.000000000000000000e+00
4.000000000000000000e+01 5.000000000000000000e+01 0.000000000000000000e+00
4.000000000000000000e+01 6.000000000000000000e+01 0.000000000000000000e+00
4.000000000000000000e+01 7.000000000000000000e+01 0.000000000000000000e+00
4.000000000000000000e+01 8.000000000000000000e+01 0.000000000000000000e+00
4.000000000000000000e+01 9.000000000000000000e+01 0.000000000000000000e+00
4.000000000000000000e+01 1.000000000000000000e+02 0.000000000000000000e+00
4.000000000000000000e+01 1.100000000000000000e+02 0.000000000000000000e+00
4.000000000000000000e+01 1.200000000000000000e+02 0.000000000000000000e+00
4.000000000000000000e+01 1.300000000000000000e+02 0.000000000000000000e+00
4.000000000000000000e+01 1.400000000000000000e+02 0.000000000000000000e+00
4.000000000000000000e+01 1.500000000000000000e+02 0.000000000000000000e+00
4.000000000000000000e+01 1.600000000000000000e+02 0.000000000000000000e+00
4.000000000000000000e+01 1.700000000000000000e+02 0.000000000000000000e+00
4.000000000000000000e+01 1.800000000000000000e+02 0.000000000000000000e+00
5.000000000000000000e+01 -1.800000000000000000e+02 0.000000000000000000e+00
5.000000000000000000e+01 -1.700000000000000000e+02 0.000000000000000000e+00
5.000000000000000000e+01 -1.600000000000000000e+02 0.000000000000000000e+00
5.000000000000000000e+01 -1.500000000000000000e+02 0.000000000000000000e+00
5.000000000000000000e+01 -1.400000000000000000e+02 0.000000000000000000e+00
5.000000000000000000e+01 -1.300000000000000000e+02 0.000000000000000000e+00
5.000000000000000000e+01 -1.200000000000000000e+02 0.000000000000000000e+00
5.000000000000000000e+01 -1.100000000000000000e+02 0.000000000000000000e+00
5.000000000000000000e+01 -1.000000000000000000e+02 0.000000000000000000e+00
5.000000000000000000e+01 -9.000000000000000000e+01 0.000000000000000000e+00
5.000000000000000000e+01 -8.000000000000000000e+01 0.000000000000000000e+00
5.000000000000000000e+01 -7.000000000000000000e+01 6.260000000000000286e-02
5.000000000000000000e+01 -6.000000000000000000e+01 0.000000000000000000e+00
5.000000000000000000e+01 -5.000000000000000000e+01 0.000000000000000000e+00
5.000000000000000000e+01 -4.000000000000000000e+01 0.000000000000000000e+00
5.000000000000000000e+01 -3.000000000000000000e+01 0.000000000000000000e+00
5.000000000000000000e+01 -2.000000000000000000e+01 0.000000000000000000e+00
5.000000000000000000e+01 -1.000000000000000000e+01 0.000000000000000000e+00
5.000000000000000000e+01 0.000000000000000000e+00 0.000000000000000000e+00
5.000000000000000000e+01 1.000000000000000000e+01 0.000000000000000000e+00
5.000000000000000000e+01 2.000000000000000000e+01 0.000000000000000000e+00
5.000000000000000000e+01 3.000000000000000000e+01 0.000000000000000000e+00
5.000000000000000000e+01 4.000000000000000000e+01 0.000000000000000000e+00
5.000000000000000000e+01 5.000000000000000000e+01 0.000000000000000000e+00
5.000000000000000000e+01 6.000000000000000000e+01 0.000000000000000000e+00
5.000000000000000000e+01 7.000000000000000000e+01 0.000000000000000000e+00
5.000000000000000000e+01 8.000000000000000000e+01 0.000000000000000000e+00
5.000000000000000000e+01 9.000000000000000000e+01 0.000000000000000000e+00
5.000000000000000000e+01 1.000000000000000000e+02 0.000000000000000000e+00
5.000000000000000000e+01 1.100000000000000000e+02 0.000000000000000000e+00
5.000000000000000000e+01 1.200000000000000000e+02 0.000000000000000000e+00
5.000000000000000000e+01 1.300000000000000000e+02 0.000000000000000000e+00
5.000000000000000000e+01 1.400000000000000000e+02 0.000000000000000000e+00
5.000000000000000000e+01 1.500000000000000000e+02 0.000000000000000000e+00
5.000000000000000000e+01 1.600000000000000000e+02 0.000000000000000000e+00
5.000000000000000000e+01 1.700000000000000000e+02 0.000000000000000000e+00
5.000000000000000000e+01 1.800000000000000000e+02 0.000000000000000000e+00
6.000000000000000000e+01 -1.800000000000000000e+02 0.000000000000000000e+00
6.000000000000000000e+01 -1.700000000000000000e+02 0.000000000000000000e+00
6.000000000000000000e+01 -1.600000000000000000e+02 0.000000000000000000e+00
6.000000000000000000e+01 -1.500000000000000000e+02 0.000000000000000000e+00
6.000000000000000000e+01 -1.400000000000000000e+02 0.000000000000000000e+00
6.000000000000000000e+01 -1.300000000000000000e+02 0.000000000000000000e+00
6.000000000000000000e+01 -1.200000000000000000e+02 0.000000000000000000e+00
6.000000000000000000e+01 -1.100000000000000000e+02 0.000000000000000000e+00
6.000000000000000000e+01 -1.000000000000000000e+02 0.000000000000000000e+00
6.000000000000000000e+01 -9.000000000000000000e+01 0.000000000000000000e+00
6.000000000000000000e+01 -8.000000000000000000e+01 0.000000000000000000e+00
6.000000000000000000e+01 -7.000000000000000000e+01 0.000000000000000000e+00
6.000000000000000000e+01 -6.000000000000000000e+01 0.000000000000000000e+00
6.000000000000000000e+01 -5.000000000000000000e+01 0.000000000000000000e+00
6.000000000000000000e+01 -4.000000000000000000e+01 0.000000000000000000e+00
6.000000000000000000e+01 -3.000000000000000000e+01 0.000000000000000000e+00
6.000000000000000000e+01 -2.000000000000000000e+01 0.000000000000000000e+00
6.000000000000000000e+01 -1.000000000000000000e+01 0.000000000000000000e+00
6.000000000000000000e+01 0.000000000000000000e+00 0.000000000000000000e+00
6.000000000000000000e+01 1.000000000000000000e+01 0.000000000000000000e+00
6.000000000000000000e+01 2.000000000000000000e+01 0.000000000000000000e+00
6.000000000000000000e+01 3.000000000000000000e+01 0.000000000000000000e+00
6.000000000000000000e+01 4.000000000000000000e+01 0.000000000000000000e+00
6.000000000000000000e+01 5.000000000000000000e+01 0.000000000000000000e+00
6.000000000000000000e+01 6.000000000000000000e+01 0.000000000000000000e+00
6.000000000000000000e+01 7.000000000000000000e+01 0.000000000000000000e+00
6.000000000000000000e+01 8.000000000000000000e+01 0.000000000000000000e+00
6.000000000000000000e+01 9.000000000000000000e+01 0.000000000000000000e+00
6.000000000000000000e+01 1.000000000000000000e+02 0.000000000000000000e+00
6.000000000000000000e+01 1.100000000000000000e+02 0.000000000000000000e+00
6.000000000000000000e+01 1.200000000000000000e+02 0.000000000000000000e+00
6.000000000000000000e+01 1.300000000000000000e+02 0.000000000000000000e+00
6.000000000000000000e+01 1.400000000000000000e+02 0.000000000000000000e+00
6.000000000000000000e+01 1.500000000000000000e+02 0.000000000000000000e+00
6.000000000000000000e+01 1.600000000000000000e+02 0.000000000000000000e+00
6.000000000000000000e+01 1.700000000000000000e+02 0.000000000000000000e+00
6.000000000000000000e+01 1.800000000000000000e+02 0.000000000000000000e+00
7.000000000000000000e+01 -1.800000000000000000e+02 0.000000000000000000e+00
7.000000000000000000e+01 -1.700000000000000000e+02 0.000000000000000000e+00
7.000000000000000000e+01 -1.600000000000000000e+02 0.000000000000000000e+00
7.000000000000000000e+01 -1.500000000000000000e+02 0.000000000000000000e+00
7.000000000000000000e+01 -1.400000000000000000e+02 0.000000000000000000e+00
7.000000000000000000e+01 -1.300000000000000000e+02 0.000000000000000000e+00
7.000000000000000000e+01 -1.200000000000000000e+02 0.000000000000000000e+00
7.000000000000000000e+01 -1.100000000000000000e+02 0.000000000000000000e+00
7.000000000000000000e+01 -1.000000000000000000e+02 0.000000000000000000e+00
7.000000000000000000e+01 -9.000000000000000000e+01 0.000000000000000000e+00
7.000000000000000000e+01 -8.000000000000000000e+01 0.000000000000000000e+00
7.000000000000000000e+01 -7.000000000000000000e+01 5.411599999999999744e-02
7.000000000000000000e+01 -6.000000000000000000e+01 0.000000000000000000e+00
7.000000000000000000e+01 -5.000000000000000000e+01 0.000000000000000000e+00
7.000000000000000000e+01 -4.000000000000000000e+01 0.000000000000000000e+00
7.000000000000000000e+01 -3.000000000000000000e+01 0.000000000000000000e+00
7.000000000000000000e+01 -2.000000000000000000e+01 0.000000000000000000e+00
7.000000000000000000e+01 -1.000000000000000000e+01 0.000000000000000000e+00
7.000000000000000000e+01 0.000000000000000000e+00 0.000000000000000000e+00
7.000000000000000000e+01 1.000000000000000000e+01 0.000000000000000000e+00
7.000000000000000000e+01 2.000000000000000000e+01 0.000000000000000000e+00
7.000000000000000000e+01 3.000000000000000000e+01 0.000000000000000000e+00
7.000000000000000000e+01 4.000000000000000000e+01 0.000000000000000000e+00
7.000000000000000000e+01 5.000000000000000000e+01 0.000000000000000000e+00
7.000000000000000000e+01 6.000000000000000000e+01 0.000000000000000000e+00
7.000000000000000000e+01 7.000000000000000000e+01 0.000000000000000000e+00
7.000000000000000000e+01 8.000000000000000000e+01 0.000000000000000000e+00
7.000000000000000000e+01 9.000000000000000000e+01 0.000000000000000000e+00
7.000000000000000000e+01 1.000000000000000000e+02 0.000000000000000000e+00
7.000000000000000000e+01 1.100000000000000000e+02 0.000000000000000000e+00
7.000000000000000000e+01 1.200000000000000000e+02 0.000000000000000000e+00
7.000000000000000000e+01 1.300000000000000000e+02 0.000000000000000000e+00
7.000000000000000000e+01 1.400000000000000000e+02 0.000000000000000000e+00
7.000000000000000000e+01 1.500000000000000000e+02 0.000000000000000000e+00
7.000000000000000000e+01 1.600000000000000000e+02 0.000000000000000000e+00
7.000000000000000000e+01 1.700000000000000000e+02 0.000000000000000000e+00
7.000000000000000000e+01 1.800000000000000000e+02 0.000000000000000000e+00
8.000000000000000000e+01 -1.800000000000000000e+02 0.000000000000000000e+00
8.000000000000000000e+01 -1.700000000000000000e+02 0.000000000000000000e+00
8.000000000000000000e+01 -1.600000000000000000e+02 0.000000000000000000e+00
8.000000000000000000e+01 -1.500000000000000000e+02 0.000000000000000000e+00
8.000000000000000000e+01 -1.400000000000000000e+02 0.000000000000000000e+00
8.000000000000000000e+01 -1.300000000000000000e+02 0.000000000000000000e+00
8.000000000000000000e+01 -1.200000000000000000e+02 0.000000000000000000e+00
8.000000000000000000e+01 -1.100000000000000000e+02 0.000000000000000000e+00
8.000000000000000000e+01 -1.000000000000000000e+02 0.000000000000000000e+00
8.000000000000000000e+01 -9.000000000000000000e+01 0.000000000000000000e+00
8.000000000000000000e+01 -8.000000000000000000e+01 0.000000000000000000e+00
8.000000000000000000e+01 -7.000000000000000000e+01 0.000000000000000000e+00
8.000000000000000000e+01 -6.000000000000000000e+01 0.000000000000000000e+00
8.000000000000000000e+01 -5.000000000000000000e+01 0.000000000000000000e+00
8.000000000000000000e+01 -4.000000000000000000e+01 0.000000000000000000e+00
8.000000000000000000e+01 -3.000000000000000000e+01 0.000000000000000000e+00
8.000000000000000000e+01 -2.000000000000000000e+01 0.000000000000000000e+00
8.000000000000000000e+01 -1.000000000000000000e+01 0.000000000000000000e+00
8.000000000000000000e+01 0.000000000000000000e+00 0.000000000000000000e+00
8.000000000000000000e+01 1.000000000000000000e+01 0.000000000000000000e+00
8.000000000000000000e+01 2.000000000000000000e+01 0.000000000000000000e+00
8.000000000000000000e+01 3.000000000000000000e+01 0.000000000000000000e+00
8.000000000000000000e+01 4.000000000000000000e+01 0.000000000000000000e+00
8.000000000000000000e+01 5.000000000000000000e+01 0.000000000000000000e+00
8.000000000000000000e+01 6.000000000000000000e+01 0.000000000000000000e+00
8.000000000000000000e+01 7.000000000000000000e+01 0.000000000000000000e+00
8.000000000000000000e+01 8.000000000000000000e+01 0.000000000000000000e+00
8.000000000000000000e+01 9.000000000000000000e+01 0.000000000000000000e+00
8.000000000000000000e+01 1.000000000000000000e+02 0.000000000000000000e+00
8.000000000000000000e+01 1.100000000000000000e+02 0.000000000000000000e+00
8.000000000000000000e+01 1.200000000000000000e+02 0.000000000000000000e+00
8.000000000000000000e+01 1.300000000000000000e+02 0.000000000000000000e+00
8.000000000000000000e+01 1.400000000000000000e+02 0.000000000000000000e+00
8.000000000000000000e+01 1.500000000000000000e+02 0.000000000000000000e+00
8.000000000000000000e+01 1.600000000000000000e+02 0.000000000000000000e+00
8.000000000000000000e+01 1.700000000000000000e+02 0.000000000000000000e+00
8.000000000000000000e+01 1.800000000000000000e+02 0.000000000000000000e+00
9.000000000000000000e+01 -1.800000000000000000e+02 0.000000000000000000e+00
9.000000000000000000e+01 -1.700000000000000000e+02 0.000000000000000000e+00
9.000000000000000000e+01 -1.600000000000000000e+02 0.000000000000000000e+00
9.000000000000000000e+01 -1.500000000000000000e+02 0.000000000000000000e+00
9.000000000000000000e+01 -1.400000000000000000e+02 0.000000000000000000e+00
9.000000000000000000e+01 -1.300000000000000000e+02 0.000000000000000000e+00
9.000000000000000000e+01 -1.200000000000000000e+02 0.000000000000000000e+00
9.000000000000000000e+01 -1.100000000000000000e+02 0.000000000000000000e+00
9.000000000000000000e+01 -1.000000000000000000e+02 0.000000000000000000e+00
9.000000000000000000e+01 -9.000000000000000000e+01 0.000000000000000000e+00
9.000000000000000000e+01 -8.000000000000000000e+01 0.000000000000000000e+00
9.000000000000000000e+01 -7.000000000000000000e+01 0.000000000000000000e+00
9.000000000000000000e+01 -6.000000000000000000e+01 0.000000000000000000e+00
9.000000000000000000e+01 -5.000000000000000000e+01 0.000000000000000000e+00
9.000000000000000000e+01 -4.000000000000000000e+01 0.000000000000000000e+00
9.000000000000000000e+01 -3.000000000000000000e+01 0.000000000000000000e+00
9.000000000000000000e+01 -2.000000000000000000e+01 0.000000000000000000e+00
9.000000000000000000e+01 -1.000000000000000000e+01 0.000000000000000000e+00
9.000000000000000000e+01 0.000000000000000000e+00 0.000000000000000000e+00
9.000000000000000000e+01 1.000000000000000000e+01 0.000000000000000000e+00
9.000000000000000000e+01 2.000000000000000000e+01 0.000000000000000000e+00
9.000000000000000000e+01 3.000000000000000000e+01 0.000000000000000000e+00
9.000000000000000000e+01 4.000000000000000000e+01 0.000000000000000000e+00
9.000000000000000000e+01 5.000000000000000000e+01 0.000000000000000000e+00
9.000000000000000000e+01 6.000000000000000000e+01 0.000000000000000000e+00
9.000000000000000000e+01 7.000000000000000000e+01 0.000000000000000000e+00
9.000000000000000000e+01 8.000000000000000000e+01 0.000000000000000000e+00
9.000000000000000000e+01 9.000000000000000000e+01 0.000000000000000000e+00
9.000000000000000000e+01 1.000000000000000000e+02 0.000000000000000000e+00
9.000000000000000000e+01 1.100000000000000000e+02 0.000000000000000000e+00
9.000000000000000000e+01 1.200000000000000000e+02 0.000000000000000000e+00
9.000000000000000000e+01 1.300000000000000000e+02 0.000000000000000000e+00
9.000000000000000000e+01 1.400000000000000000e+02 0.000000000000000000e+00
9.000000000000000000e+01 1.500000000000000000e+02 0.000000000000000000e+00
9.000000000000000000e+01 1.600000000000000000e+02 0.000000000000000000e+00
9.000000000000000000e+01 1.700000000000000000e+02 0.000000000000000000e+00
9.000000000000000000e+01 1.800000000000000000e+02 0.000000000000000000e+00
1.000000000000000000e+02 -1.800000000000000000e+02 0.000000000000000000e+00
1.000000000000000000e+02 -1.700000000000000000e+02 0.000000000000000000e+00
1.000000000000000000e+02 -1.600000000000000000e+02 0.000000000000000000e+00
1.000000000000000000e+02 -1.500000000000000000e+02 0.000000000000000000e+00
1.000000000000000000e+02 -1.400000000000000000e+02 0.000000000000000000e+00
1.000000000000000000e+02 -1.300000000000000000e+02 0.000000000000000000e+00
1.000000000000000000e+02 -1.200000000000000000e+02 0.000000000000000000e+00
1.000000000000000000e+02 -1.100000000000000000e+02 0.000000000000000000e+00
1.000000000000000000e+02 -1.000000000000000000e+02 0.000000000000000000e+00
1.000000000000000000e+02 -9.000000000000000000e+01 0.000000000000000000e+00
1.000000000000000000e+02 -8.000000000000000000e+01 0.000000000000000000e+00
1.000000000000000000e+02 -7.000000000000000000e+01 0.000000000000000000e+00
1.000000000000000000e+02 -6.000000000000000000e+01 0.000000000000000000e+00
1.000000000000000000e+02 -5.000000000000000000e+01 0.000000000000000000e+00
1.000000000000000000e+02 -4.000000000000000000e+01 0.000000000000000000e+00
1.000000000000000000e+02 -3.000000000000000000e+01 0.000000000000000000e+00
1.000000000000000000e+02 -2.000000000000000000e+01 0.000000000000000000e+00
1.000000000000000000e+02 -1.000000000000000000e+01 0.000000000000000000e+00
1.000000000000000000e+02 0.000000000000000000e+00 0.000000000000000000e+00
1.000000000000000000e+02 1.000000000000000000e+01 0.000000000000000000e+00
1.000000000000000000e+02 2.000000000000000000e+01 0.000000000000000000e+00
1.000000000000000000e+02 3.000000000000000000e+01 0.000000000000000000e+00
1.000000000000000000e+02 4.000000000000000000e+01 0.000000000000000000e+00
1.000000000000000000e+02 5.000000000000000000e+01 0.000000000000000000e+00
1.000000000000000000e+02 6.000000000000000000e+01 0.000000000000000000e+00
1.000000000000000000e+02 7.000000000000000000e+01 0.000000000000000000e+00
1.000000000000000000e+02 8.000000000000000000e+01 0.000000000000000000e+00
1.000000000000000000e+02 9.000000000000000000e+01 0.000000000000000000e+00
1.000000000000000000e+02 1.000000000000000000e+02 0.000000000000000000e+00
1.000000000000000000e+02 1.100000000000000000e+02 0.000000000000000000e+00
1.000000000000000000e+02 1.200000000000000000e+02 0.000000000000000000e+00
1.000000000000000000e+02 1.300000000000000000e+02 0.000000000000000000e+00
1.000000000000000000e+02 1.400000000000000000e+02 0.000000000000000000e+00
1.000000000000000000e+02 1.500000000000000000e+02 0.000000000000000000e+00
1.000000000000000000e+02 1.600000000000000000e+02 0.000000000000000000e+00
1.000000000000000000e+02 1.700000000000000000e+02 0.000000000000000000e+00
1.000000000000000000e+02 1.800000000000000000e+02 0.000000000000000000e+00
1.100000000000000000e+02 -1.800000000000000000e+02 0.000000000000000000e+00
1.100000000000000000e+02 -1.700000000000000000e+02 0.000000000000000000e+00
1.100000000000000000e+02 -1.600000000000000000e+02 0.000000000000000000e+00
1.100000000000000000e+02 -1.500000000000000000e+02 0.000000000000000000e+00
1.100000000000000000e+02 -1.400000000000000000e+02 0.000000000000000000e+00
1.100000000000000000e+02 -1.300000000000000000e+02 0.000000000000000000e+00
1.100000000000000000e+02 -1.200000000000000000e+02 0.000000000000000000e+00
1.100000000000000000e+02 -1.100000000000000000e+02 0.000000000000000000e+00
1.100000000000000000e+02 -1.000000000000000000e+02 0.000000000000000000e+00
1.100000000000000000e+02 -9.000000000000000000e+01 0.000000000000000000e+00
1.100000000000000000e+02 -8.000000000000000000e+01 0.000000000000000000e+00
1.100000000000000000e+02 -7.000000000000000000e+01 0.000000000000000000e+00
1.100000000000000000e+02 -6.000000000000000000e+01 0.000000000000000000e+00
1.100000000000000000e+02 -5.000000000000000000e+01 0.000000000000000000e+00
1.100000000000000000e+02 -4.000000000000000000e+01 0.000000000000000000e+00
1.100000000000000000e+02 -3.000000000000000000e+01 0.000000000000000000e+00
1.100000000000000000e+02 -2.000000000000000000e+01 0.000000000000000000e+00
1.100000000000000000e+02 -1.000000000000000000e+01 0.000000000000000000e+00
1.100000000000000000e+02 0.000000000000000000e+00 0.000000000000000000e+00
1.100000000000000000e+02 1.000000000000000000e+01 0.000000000000000000e+00
1.100000000000000000e+02 2.000000000000000000e+01 0.000000000000000000e+00
1.100000000000000000e+02 3.000000000000000000e+01 0.000000000000000000e+00
1.100000000000000000e+02 4.000000000000000000e+01 0.000000000000000000e+00
1.100000000000000000e+02 5.000000000000000000e+01 0.000000000000000000e+00
1.100000000000000000e+02 6.000000000000000000e+01 0.000000000000000000e+00
1.100000000000000000e+02 7.000000000000000000e+01 0.000000000000000000e+00
1.100000000000000000e+02 8.000000000000000000e+01 0.000000000000000000e+00
1.100000000000000000e+02 9.000000000000000000e+01 0.000000000000000000e+00
1.100000000000000000e+02 1.000000000000000000e+02 0.000000000000000000e+00
1.100000000000000000e+02 1.100000000000000000e+02 0.000000000000000000e+00
1.100000000000000000e+02 1.200000000000000000e+02 0.000000000000000000e+00
1.100000000000000000e+02 1.300000000000000000e+02 0.000000000000000000e+00
1.100000000000000000e+02 1.400000000000000000e+02 0.000000000000000000e+00
1.100000000000000000e+02 1.500000000000000000e+02 0.000000000000000000e+00
1.100000000000000000e+02 1.600000000000000000e+02 0.000000000000000000e+00
1.100000000000000000e+02 1.700000000000000000e+02 0.000000000000000000e+00
1.100000000000000000e+02 1.800000000000000000e+02 0.000000000000000000e+00
1.200000000000000000e+02 -1.800000000000000000e+02 0.000000000000000000e+00
1.200000000000000000e+02 -1.700000000000000000e+02 0.000000000000000000e+00
1.200000000000000000e+02 -1.600000000000000000e+02 0.000000000000000000e+00
1.200000000000000000e+02 -1.500000000000000000e+02 0.000000000000000000e+00
1.200000000000000000e+02 -1.400000000000000000e+02 0.000000000000000000e+00
1.200000000000000000e+02 -1.300000000000000000e+02 0.000000000000000000e+00
1.200000000000000000e+02 -1.200000000000000000e+02 0.000000000000000000e+00
1.200000000000000000e+02 -1.100000000000000000e+02 0.000000000000000000e+00
1.200000000000000000e+02 -1.000000000000000000e+02 0.000000000000000000e+00
1.200000000000000000e+02 -9.000000000000000000e+01 0.000000000000000000e+00
1.200000000000000000e+02 -8.000000000000000000e+01 0.000000000000000000e+00
1.200000000000000000e+02 -7.000000000000000000e+01 0.000000000000000000e+00
1.200000000000000000e+02 -6.000000000000000000e+01 0.000000000000000000e+00
1.200000000000000000e+02 -5.000000000000000000e+01 0.000000000000000000e+00
1.200000000000000000e+02 -4.000000000000000000e+01 0.000000000000000000e+00
1.200000000000000000e+02 -3.000000000000000000e+01 0.000000000000000000e+00
1.200000000000000000e+02 -2.000000000000000000e+01 0.000000000000000000e+00
1.200000000000000000e+02 -1.000000000000000000e+01 0.000000000000000000e+00
1.200000000000000000e+02 0.000000000000000000e+00 0.000000000000000000e+00
1.200000000000000000e+02 1.000000000000000000e+01 0.000000000000000000e+00
1.200000000000000000e+02 2.000000000000000000e+01 0.000000000000000000e+00
1.200000000000000000e+02 3.000000000000000000e+01 0.000000000000000000e+00
1.200000000000000000e+02 4.000000000000000000e+01 0.000000000000000000e+00
1.200000000000000000e+02 5.000000000000000000e+01 0.000000000000000000e+00
1.200000000000000000e+02 6.000000000000000000e+01 0.000000000000000000e+00
1.200000000000000000e+02 7.000000000000000000e+01 0.000000000000000000e+00
1.200000000000000000e+02 8.000000000000000000e+01 0.000000000000000000e+00
1.200000000000000000e+02 9.000000000000000000e+01 0.000000000000000000e+00
1.200000000000000000e+02 1.000000000000000000e+02 0.000000000000000000e+00
1.200000000000000000e+02 1.100000000000000000e+02 0.000000000000000000e+00
1.200000000000000000e+02 1.200000000000000000e+02 0.000000000000000000e+00
1.200000000000000000e+02 1.300000000000000000e+02 0.000000000000000000e+00
1.200000000000000000e+02 1.400000000000000000e+02 0.000000000000000000e+00
1.200000000000000000e+02 1.500000000000000000e+02 0.000000000000000000e+00
1.200000000000000000e+02 1.600000000000000000e+02 0.000000000000000000e+00
1.200000000000000000e+02 1.700000000000000000e+02 0.000000000000000000e+00
1.200000000000000000e+02 1.800000000000000000e+02 0.000000000000000000e+00
1.300000000000000000e+02 -1.800000000000000000e+02 0.000000000000000000e+00
1.300000000000000000e+02 -1.700000000000000000e+02 0.000000000000000000e+00
1.300000000000000000e+02 -1.600000000000000000e+02 0.000000000000000000e+00
1.300000000000000000e+02 -1.500000000000000000e+02 0.000000000000000000e+00
1.300000000000000000e+02 -1.400000000000000000e+02 0.000000000000000000e+00
1.300000000000000000e+02 -1.300000000000000000e+02 0.000000000000000000e+00
1.300000000000000000e+02 -1.200000000000000000e+02 0.000000000000000000e+00
1.300000000000000000e+02 -1.100000000000000000e+02 0.000000000000000000e+00
1.300000000000000000e+02 -1.000000000000000000e+02 0.000000000000000000e+00
1.300000000000000000e+02 -9.000000000000000000e+01 0.000000000000000000e+00
1.300000000000000000e+02 -8.000000000000000000e+01 0.000000000000000000e+00
1.300000000000000000e+02 -7.000000000000000000e+01 0.000000000000000000e+00
1.300000000000000000e+02 -6.000000000000000000e+01 0.000000000000000000e+00
1.300000000000000000e+02 -5.000000000000000000e+01 0.000000000000000000e+00
1.300000000000000000e+02 -4.000000000000000000e+01 0.000000000000000000e+00
1.300000000000000000e+02 -3.000000000000000000e+01 0.000000000000000000e+00
1.300000000000000000e+02 -2.000000000000000000e+01 0.000000000000000000e+00
1.300000000000000000e+02 -1.000000000000000000e+01 0.000000000000000000e+00
1.300000000000000000e+02 0.000000000000000000e+00 0.000000000000000000e+00
1.300000000000000000e+02 1.000000000000000000e+01 0.000000000000000000e+00
1.300000000000000000e+02 2.000000000000000000e+01 0.000000000000000000e+00
1.300000000000000000e+02 3.000000000000000000e+01 0.000000000000000000e+00
1.300000000000000000e+02 4.000000000000000000e+01 0.000000000000000000e+00
1.300000000000000000e+02 5.000000000000000000e+01 0.000000000000000000e+00
1.300000000000000000e+02 6.000000000000000000e+01 0.000000000000000000e+00
1.300000000000000000e+02 7.000000000000000000e+01 0.000000000000000000e+00
1.300000000000000000e+02 8.000000000000000000e+01 0.000000000000000000e+00
1.300000000000000000e+02 9.000000000000000000e+01 0.000000000000000000e+00
1.300000000000000000e+02 1.000000000000000000e+02 0.000000000000000000e+00
1.300000000000000000e+02 1.100000000000000000e+02 0.000000000000000000e+00
1.300000000000000000e+02 1.200000000000000000e+02 0.000000000000000000e+00
1.300000000000000000e+02 1.300000000000000000e+02 0.000000000000000000e+00
1.300000000000000000e+02 1.400000000000000000e+02 0.000000000000000000e+00
1.300000000000000000e+02 1.500000000000000000e+02 0.000000000000000000e+00
1.300000000000000000e+02 1.600000000000000000e+02 0.000000000000000000e+00
1.300000000000000000e+02 1.700000000000000000e+02 0.000000000000000000e+00
1.300000000000000000e+02 1.800000000000000000e+02 0.000000000000000000e+00
1.400000000000000000e+02 -1.800000000000000000e+02 0.000000000000000000e+00
1.400000000000000000e+02 -1.700000000000000000e+02 0.000000000000000000e+00
1.400000000000000000e+02 -1.600000000000000000e+02 0.000000000000000000e+00
1.400000000000000000e+02 -1.500000000000000000e+02 0.000000000000000000e+00
1.400000000000000000e+02 -1.400000000000000000e+02 0.000000000000000000e+00
1.400000000000000000e+02 -1.300000000000000000e+02 0.000000000000000000e+00
1.400000000000000000e+02 -1.200000000000000000e+02 0.000000000000000000e+00
1.400000000000000000e+02 -1.100000000000000000e+02 0.000000000000000000e+00
1.400000000000000000e+02 -1.000000000000000000e+02 0.000000000000000000e+00
1.400000000000000000e+02 -9.000000000000000000e+01 0.000000000000000000e+00
1.400000000000000000e+02 -8.000000000000000000e+01 0.000000000000000000e+00
1.400000000000000000e+02 -7.000000000000000000e+01 0.000000000000000000e+00
1.400000000000000000e+02 -6.000000000000000000e+01 0.000000000000000000e+00
1.400000000000000000e+02 -5.000000000000000000e+01 0.000000000000000000e+00
1.400000000000000000e+02 -4.000000000000000000e+01 0.000000000000000000e+00
1.400000000000000000e+02 -3.000000000000000000e+01 0.000000000000000000e+00
1.400000000000000000e+02 -2.000000000000000000e+01 0.000000000000000000e+00
1.400000000000000000e+02 -1.000000000000000000e+01 0.000000000000000000e+00
1.400000000000000000e+02 0.000000000000000000e+00 0.000000000000000000e+00
1.400000000000000000e+02 1.000000000000000000e+01 0.000000000000000000e+00
1.400000000000000000e+02 2.000000000000000000e+01 0.000000000000000000e+00
1.400000000000000000e+02 3.000000000000000000e+01 0.000000000000000000e+00
1.400000000000000000e+02 4.000000000000000000e+01 0.000000000000000000e+00
1.400000000000000000e+02 5.000000000000000000e+01 0.000000000000000000e+00
1.400000000000000000e+02 6.000000000000000000e+01 0.000000000000000000e+00
1.400000000000000000e+02 7.000000000000000000e+01 0.000000000000000000e+00
1.400000000000000000e+02 8.000000000000000000e+01 0.000000000000000000e+00
1.400000000000000000e+02 9.000000000000000000e+01 0.000000000000000000e+00
1.400000000000000000e+02 1.000000000000000000e+02 0.000000000000000000e+00
1.400000000000000000e+02 1.100000000000000000e+02 0.000000000000000000e+00
1.400000000000000000e+02 1.200000000000000000e+02 0.000000000000000000e+00
1.400000000000000000e+02 1.300000000000000000e+02 0.000000000000000000e+00
1.400000000000000000e+02 1.400000000000000000e+02 0.000000000000000000e+00
1.400000000000000000e+02 1.500000000000000000e+02 0.000000000000000000e+00
1.400000000000000000e+02 1.600000000000000000e+02 0.000000000000000000e+00
1.400000000000000000e+02 1.700000000000000000e+02 0.000000000000000000e+00
1.400000000000000000e+02 1.800000000000000000e+02 0.000000000000000000e+00
1.500000000000000000e+02 -1.800000000000000000e+02 0.000000000000000000e+00
1.500000000000000000e+02 -1.700000000000000000e+02 0.000000000000000000e+00
1.500000000000000000e+02 -1.600000000000000000e+02 0.000000000000000000e+00
1.500000000000000000e+02 -1.500000000000000000e+02 0.000000000000000000e+00
1.500000000000000000e+02 -1.400000000000000000e+02 0.000000000000000000e+00
1.500000000000000000e+02 -1.300000000000000000e+02 0.000000000000000000e+00
1.500000000000000000e+02 -1.200000000000000000e+02 0.000000000000000000e+00
1.500000000000000000e+02 -1.100000000000000000e+02 0.000000000000000000e+00
1.500000000000000000e+02 -1.000000000000000000e+02 0.000000000000000000e+00
1.500000000000000000e+02 -9.000000000000000000e+01 0.000000000000000000e+00
1.500000000000000000e+02 -8.000000000000000000e+01 0.000000000000000000e+00
1.500000000000000000e+02 -7.000000000000000000e+01 0.000000000000000000e+00
1.500000000000000000e+02 -6.000000000000000000e+01 0.000000000000000000e+00
1.500000000000000000e+02 -5.000000000000000000e+01 0.000000000000000000e+00
1.500000000000000000e+02 -4.000000000000000000e+01 0.000000000000000000e+00
1.500000000000000000e+02 -3.000000000000000000e+01 0.000000000000000000e+00
1.500000000000000000e+02 -2.000000000000000000e+01 0.000000000000000000e+00
1.500000000000000000e+02 -1.000000000000000000e+01 0.000000000000000000e+00
1.500000000000000000e+02 0.000000000000000000e+00 0.000000000000000000e+00
1.500000000000000000e+02 1.000000000000000000e+01 0.000000000000000000e+00
1.500000000000000000e+02 2.000000000000000000e+01 0.000000000000000000e+00
1.500000000000000000e+02 3.000000000000000000e+01 0.000000000000000000e+00
1.500000000000000000e+02 4.000000000000000000e+01 0.000000000000000000e+00
1.500000000000000000e+02 5.000000000000000000e+01 0.000000000000000000e+00
1.500000000000000000e+02 6.000000000000000000e+01 0.000000000000000000e+00
1.500000000000000000e+02 7.000000000000000000e+01 0.000000000000000000e+00
1.500000000000000000e+02 8.000000000000000000e+01 0.000000000000000000e+00
1.500000000000000000e+02 9.000000000000000000e+01 0.000000000000000000e+00
1.500000000000000000e+02 1.000000000000000000e+02 0.000000000000000000e+00
1.500000000000000000e+02 1.100000000000000000e+02 0.000000000000000000e+00
1.500000000000000000e+02 1.200000000000000000e+02 0.000000000000000000e+00
1.500000000000000000e+02 1.300000000000000000e+02 0.000000000000000000e+00
1.500000000000000000e+02 1.400000000000000000e+02 0.000000000000000000e+00
1.500000000000000000e+02 1.500000000000000000e+02 0.000000000000000000e+00
1.500000000000000000e+02 1.600000000000000000e+02 0.000000000000000000e+00
1.500000000000000000e+02 1.700000000000000000e+02 0.000000000000000000e+00
1.500000000000000000e+02 1.800000000000000000e+02 0.000000000000000000e+00
1.600000000000000000e+02 -1.800000000000000000e+02 0.000000000000000000e+00
1.600000000000000000e+02 -1.700000000000000000e+02 0.000000000000000000e+00
1.600000000000000000e+02 -1.600000000000000000e+02 0.000000000000000000e+00
1.600000000000000000e+02 -1.500000000000000000e+02 0.000000000000000000e+00
1.600000000000000000e+02 -1.400000000000000000e+02 0.000000000000000000e+00
1.600000000000000000e+02 -1.300000000000000000e+02 0.000000000000000000e+00
1.600000000000000000e+02 -1.200000000000000000e+02 0.000000000000000000e+00
1.600000000000000000e+02 -1.100000000000000000e+02 0.000000000000000000e+00
1.600000000000000000e+02 -1.000000000000000000e+02 0.000000000000000000e+00
1.600000000000000000e+02 -9.000000000000000000e+01 0.000000000000000000e+00
1.600000000000000000e+02 -8.000000000000000000e+01 0.000000000000000000e+00
1.600000000000000000e+02 -7.000000000000000000e+01 0.000000000000000000e+00
1.600000000000000000e+02 -6.000000000000000000e+01 0.000000000000000000e+00
1.600000000000000000e+02 -5.000000000000000000e+01 0.000000000000000000e+00
1.600000000000000000e+02 -4.000000000000000000e+01 0.000000000000000000e+00
1.600000000000000000e+02 -3.000000000000000000e+01 0.000000000000000000e+00
1.600000000000000000e+02 -2.000000000000000000e+01 0.000000000000000000e+00
1.600000000000000000e+02 -1.000000000000000000e+01 0.000000000000000000e+00
1.600000000000000000e+02 0.000000000000000000e+00 0.000000000000000000e+00
1.600000000000000000e+02 1.000000000000000000e+01 0.000000000000000000e+00
1.600000000000000000e+02 2.000000000000000000e+01 0.000000000000000000e+00
1.600000000000000000e+02 3.000000000000000000e+01 0.000000000000000000e+00
1.600000000000000000e+02 4.000000000000000000e+01 0.000000000000000000e+00
1.600000000000000000e+02 5.000000000000000000e+01 0.000000000000000000e+00
1.600000000000000000e+02 6.000000000000000000e+01 0.000000000000000000e+00
1.600000000000000000e+02 7.000000000000000000e+01 0.000000000000000000e+00
1.600000000000000000e+02 8.000000000000000000e+01 0.000000000000000000e+00
1.600000000000000000e+02 9.000000000000000000e+01 0.000000000000000000e+00
1.600000000000000000e+02 1.000000000000000000e+02 0.000000000000000000e+00
1.600000000000000000e+02 1.100000000000000000e+02 0.000000000000000000e+00
1.600000000000000000e+02 1.200000000000000000e+02 0.000000000000000000e+00
1.600000000000000000e+02 1.300000000000000000e+02 0.000000000000000000e+00
1.600000000000000000e+02 1.400000000000000000e+02 0.000000000000000000e+00
1.600000000000000000e+02 1.500000000000000000e+02 0.000000000000000000e+00
1.600000000000000000e+02 1.600000000000000000e+02 0.000000000000000000e+00
1.600000000000000000e+02 1.700000000000000000e+02 0.000000000000000000e+00
1.600000000000000000e+02 1.800000000000000000e+02 0.000000000000000000e+00
1.700000000000000000e+02 -1.800000000000000000e+02 0.000000000000000000e+00
