-1.800000000000000000e+02 -1.800000000000000000e+02 0.000000000000000000e+00
-1.800000000000000000e+02 -1.700000000000000000e+02 0.000000000000000000e+00
-1.800000000000000000e+02 -1.600000000000000000e+02 0.000000000000000000e+00
-1.800000000000000000e+02 -1.500000000000000000e+02 0.000000000000000000e+00
-1.800000000000000000e+02 -1.400000000000000000e+02 0.000000000000000000e+00
-1.800000000000000000e+02 -1.300000000000000000e+02 0.000000000000000000e+00
-1.800000000000000000e+02 -1.200000000000000000e+02 0.000000000000000000e+00
-1.800000000000000000e+02 -1.100000000000000000e+02 0.000000000000000000e+00
-1.800000000000000000e+02 -1.000000000000000000e+02 0.000000000000000000e+00
-1.800000000000000000e+02 -9.000000000000000000e+01 0.000000000000000000e+00
-1.800000000000000000e+02 -8.000000000000000000e+01 0.000000000000000000e+00
-1.800000000000000000e+02 -7.000000000000000000e+01 0.000000000000000000e+00
-1.800000000000000000e+02 -6.000000000000000000e+01 0.000000000000000000e+00
-1.800000000000000000e+02 -5.000000000000000000e+01 0.000000000000000000e+00
-1.800000000000000000e+02 -4.000000000000000000e+01 0.000000000000000000e+00
-1.800000000000000000e+02 -3.000000000000000000e+01 0.000000000000000000e+00
-1.800000000000000000e+02 -2.000000000000000000e+01 0.000000000000000000e+00
-1.800000000000000000e+02 -1.000000000000000000e+01 0.000000000000000000e+00
-1.800000000000000000e+02 0.000000000000000000e+00 0.000000000000000000e+00
-1.800000000000000000e+02 1.000000000000000000e+01 0.000000000000000000e+00
-1.800000000000000000e+02 2.000000000000000000e+01 0.000000000000000000e+00
-1.800000000000000000e+02 3.000000000000000000e+01 0.000000000000000000e+00
-1.800000000000000000e+02 4.000000000000000000e+01 0.000000000000000000e+00
-1.800000000000000000e+02 5.000000000000000000e+01 0.000000000000000000e+00
-1.800000000000000000e+02 6.000000000000000000e+01 0.000000000000000000e+00
-1.800000000000000000e+02 7.000000000000000000e+01 0.000000000000000000e+00
-1.800000000000000000e+02 8.000000000000000000e+01 0.000000000000000000e+00
-1.800000000000000000e+02 9.000000000000000000e+01 0.000000000000000000e+00
-1.800000000000000000e+02 1.000000000000000000e+02 0.000000000000000000e+00
-1.800000000000000000e+02 1.100000000000000000e+02 0.000000000000000000e+00
-1.800000000000000000e+02 1.200000000000000000e+02 0.000000000000000000e+00
-1.800000000000000000e+02 1.300000000000000000e+02 0.000000000000000000e+00
-1.800000000000000000e+02 1.400000000000000000e+02 0.000000000000000000e+00
-1.800000000000000000e+02 1.500000000000000000e+02 0.000000000000000000e+00
-1.800000000000000000e+02 1.600000000000000000e+02 0.000000000000000000e+00
-1.800000000000000000e+02 1.700000000000000000e+02 0.000000000000000000e+00
-1.800000000000000000e+02 1.800000000000000000e+02 0.000000000000000000e+00
-1.700000000000000000e+02 -1.800000000000000000e+02 0.000000000000000000e+00
-1.700000000000000000e+02 -1.700000000000000000e+02 0.000000000000000000e+00
-1.700000000000000000e+02 -1.600000000000000000e+02 0.000000000000000000e+00
-1.700000000000000000e+02 -1.500000000000000000e+02 0.000000000000000000e+00
-1.700000000000000000e+02 -1.400000000000000000e+02 0.000000000000000000e+00
-1.700000000000000000e+02 -1.300000000000000000e+02 0.000000000000000000e+00
-1.700000000000000000e+02 -1.200000000000000000e+02 0.000000000000000000e+00
-1.700000000000000000e+02 -1.100000000000000000e+02 0.000000000000000000e+00
-1.700000000000000000e+02 -1.000000000000000000e+02 0.000000000000000000e+00
-1.700000000000000000e+02 -9.000000000000000000e+01 0.000000000000000000e+00
-1.700000000000000000e+02 -8.000000000000000000e+01 0.000000000000000000e+00
-1.700000000000000000e+02 -7.000000000000000000e+01 0.000000000000000000e+00
-1.700000000000000000e+02 -6.000000000000000000e+01 0.000000000000000000e+00
-1.700000000000000000e+02 -5.000000000000000000e+01 0.000000000000000000e+00
-1.700000000000000000e+02 -4.000000000000000000e+01 0.000000000000000000e+00
-1.700000000000000000e+02 -3.000000000000000000e+01 0.000000000000000000e+00
-1.700000000000000000e+02 -2.000000000000000000e+01 0.000000000000000000e+00
-1.700000000000000000e+02 -1.000000000000000000e+01 0.000000000000000000e+00
-1.700000000000000000e+02 0.000000000000000000e+00 0.000000000000000000e+00
-1.700000000000000000e+02 1.000000000000000000e+01 0.000000000000000000e+00
-1.700000000000000000e+02 2.000000000000000000e+01 0.000000000000000000e+00
-1.700000000000000000e+02 3.000000000000000000e+01 0.000000000000000000e+00
-1.700000000000000000e+02 4.000000000000000000e+01 0.000000000000000000e+00
-1.700000000000000000e+02 5.000000000000000000e+01 0.000000000000000000e+00
-1.700000000000000000e+02 6.000000000000000000e+01 0.000000000000000000e+00
-1.700000000000000000e+02 7.000000000000000000e+01 0.000000000000000000e+00
-1.700000000000000000e+02 8.000000000000000000e+01 0.000000000000000000e+00
-1.700000000000000000e+02 9.000000000000000000e+01 0.000000000000000000e+00
-1.700000000000000000e+02 1.000000000000000000e+02 0.000000000000000000e+00
-1.700000000000000000e+02 1.100000000000000000e+02 0.000000000000000000e+00
-1.700000000000000000e+02 1.200000000000000000e+02 0.000000000000000000e+00
-1.700000000000000000e+02 1.300000000000000000e+02 0.000000000000000000e+00
-1.700000000000000000e+02 1.400000000000000000e+02 0.000000000000000000e+00
-1.700000000000000000e+02 1.500000000000000000e+02 0.000000000000000000e+00
-1.700000000000000000e+02 1.600000000000000000e+02 0.000000000000000000e+00
-1.700000000000000000e+02 1.700000000000000000e+02 0.000000000000000000e+00
-1.700000000000000000e+02 1.800000000000000000e+02 0.000000000000000000e+00
-1.600000000000000000e+02 -1.800000000000000000e+02 0.000000000000000000e+00
-1.600000000000000000e+02 -1.700000000000000000e+02 0.000000000000000000e+00
-1.600000000000000000e+02 -1.600000000000000000e+02 0.000000000000000000e+00
-1.600000000000000000e+02 -1.500000000000000000e+02 0.000000000000000000e+00
-1.600000000000000000e+02 -1.400000000000000000e+02 0.000000000000000000e+00
-1.600000000000000000e+02 -1.300000000000000000e+02 0.000000000000000000e+00
-1.600000000000000000e+02 -1.200000000000000000e+02 0.000000000000000000e+00
-1.600000000000000000e+02 -1.100000000000000000e+02 0.000000000000000000e+00
-1.600000000000000000e+02 -1.000000000000000000e+02 0.000000000000000000e+00
-1.600000000000000000e+02 -9.000000000000000000e+01 0.000000000000000000e+00
-1.600000000000000000e+02 -8.000000000000000000e+01 0.000000000000000000e+00
-1.600000000000000000e+02 -7.000000000000000000e+01 0.000000000000000000e+00
-1.600000000000000000e+02 -6.000000000000000000e+01 0.000000000000000000e+00
-1.600000000000000000e+02 -5.000000000000000000e+01 0.000000000000000000e+00
-1.600000000000000000e+02 -4.000000000000000000e+01 0.000000000000000000e+00
-1.600000000000000000e+02 -3.000000000000000000e+01 0.000000000000000000e+00
-1.600000000000000000e+02 -2.000000000000000000e+01 0.000000000000000000e+00
-1.600000000000000000e+02 -1.000000000000000000e+01 0.000000000000000000e+00
-1.600000000000000000e+02 0.000000000000000000e+00 0.000000000000000000e+00
-1.600000000000000000e+02 1.000000000000000000e+01 0.000000000000000000e+00
-1.600000000000000000e+02 2.000000000000000000e+01 0.000000000000000000e+00
-1.600000000000000000e+02 3.000000000000000000e+01 0.000000000000000000e+00
-1.600000000000000000e+02 4.000000000000000000e+01 0.000000000000000000e+00
-1.600000000000000000e+02 5.000000000000000000e+01 0.000000000000000000e+00
-1.600000000000000000e+02 6.000000000000000000e+01 0.000000000000000000e+00
-1.600000000000000000e+02 7.000000000000000000e+01 0.000000000000000000e+00
-1.600000000000000000e+02 8.000000000000000000e+01 0.000000000000000000e+00
-1.600000000000000000e+02 9.000000000000000000e+01 0.000000000000000000e+00
-1.600000000000000000e+02 1.000000000000000000e+02 0.000000000000000000e+00
-1.600000000000000000e+02 1.100000000000000000e+02 0.000000000000000000e+00
-1.600000000000000000e+02 1.200000000000000000e+02 0.000000000000000000e+00
-1.600000000000000000e+02 1.300000000000000000e+02 0.000000000000000000e+00
-1.600000000000000000e+02 1.400000000000000000e+02 0.000000000000000000e+00
-1.600000000000000000e+02 1.500000000000000000e+02 0.000000000000000000e+00
-1.600000000000000000e+02 1.600000000000000000e+02 0.000000000000000000e+00
-1.600000000000000000e+02 1.700000000000000000e+02 0.000000000000000000e+00
-1.600000000000000000e+02 1.800000000000000000e+02 0.000000000000000000e+00
-1.500000000000000000e+02 -1.800000000000000000e+02 0.000000000000000000e+00
-1.500000000000000000e+02 -1.700000000000000000e+02 0.000000000000000000e+00
-1.500000000000000000e+02 -1.600000000000000000e+02 0.000000000000000000e+00
-1.500000000000000000e+02 -1.500000000000000000e+02 0.000000000000000000e+00
-1.500000000000000000e+02 -1.400000000000000000e+02 0.000000000000000000e+00
-1.500000000000000000e+02 -1.300000000000000000e+02 0.000000000000000000e+00
-1.500000000000000000e+02 -1.200000000000000000e+02 0.000000000000000000e+00
-1.500000000000000000e+02 -1.100000000000000000e+02 0.000000000000000000e+00
-1.500000000000000000e+02 -1.000000000000000000e+02 0.000000000000000000e+00
-1.500000000000000000e+02 -9.000000000000000000e+01 0.000000000000000000e+00
-1.500000000000000000e+02 -8.000000000000000000e+01 0.000000000000000000e+00
-1.500000000000000000e+02 -7.000000000000000000e+01 0.000000000000000000e+00
-1.500000000000000000e+02 -6.000000000000000000e+01 0.000000000000000000e+00
-1.500000000000000000e+02 -5.000000000000000000e+01 0.000000000000000000e+00
-1.500000000000000000e+02 -4.000000000000000000e+01 0.000000000000000000e+00
-1.500000000000000000e+02 -3.000000000000000000e+01 0.000000000000000000e+00
-1.500000000000000000e+02 -2.000000000000000000e+01 0.000000000000000000e+00
-1.500000000000000000e+02 -1.000000000000000000e+01 0.000000000000000000e+00
-1.500000000000000000e+02 0.000000000000000000e+00 0.000000000000000000e+00
-1.500000000000000000e+02 1.000000000000000000e+01 0.000000000000000000e+00
-1.500000000000000000e+02 2.000000000000000000e+01 0.000000000000000000e+00
-1.500000000000000000e+02 3.000000000000000000e+01 0.000000000000000000e+00
-1.500000000000000000e+02 4.000000000000000000e+01 0.000000000000000000e+00
-1.500000000000000000e+02 5.000000000000000000e+01 0.000000000000000000e+00
-1.500000000000000000e+02 6.000000000000000000e+01 0.000000000000000000e+00
-1.500000000000000000e+02 7.000000000000000000e+01 0.000000000000000000e+00
-1.500000000000000000e+02 8.000000000000000000e+01 0.000000000000000000e+00
-1.500000000000000000e+02 9.000000000000000000e+01 0.000000000000000000e+00
-1.500000000000000000e+02 1.000000000000000000e+02 0.000000000000000000e+00
-1.500000000000000000e+02 1.100000000000000000e+02 0.000000000000000000e+00
-1.500000000000000000e+02 1.200000000000000000e+02 0.000000000000000000e+00
-1.500000000000000000e+02 1.300000000000000000e+02 0.000000000000000000e+00
-1.500000000000000000e+02 1.400000000000000000e+02 0.000000000000000000e+00
-1.500000000000000000e+02 1.500000000000000000e+02 0.000000000000000000e+00
-1.500000000000000000e+02 1.600000000000000000e+02 0.000000000000000000e+00
-1.500000000000000000e+02 1.700000000000000000e+02 0.000000000000000000e+00
-1.500000000000000000e+02 1.800000000000000000e+02 0.000000000000000000e+00
-1.400000000000000000e+02 -1.800000000000000000e+02 0.000000000000000000e+00
-1.400000000000000000e+02 -1.700000000000000000e+02 0.000000000000000000e+00
-1.400000000000000000e+02 -1.600000000000000000e+02 0.000000000000000000e+00
-1.400000000000000000e+02 -1.500000000000000000e+02 0.000000000000000000e+00
-1.400000000000000000e+02 -1.400000000000000000e+02 0.000000000000000000e+00
-1.400000000000000000e+02 -1.300000000000000000e+02 0.000000000000000000e+00
-1.400000000000000000e+02 -1.200000000000000000e+02 0.000000000000000000e+00
-1.400000000000000000e+02 -1.100000000000000000e+02 0.000000000000000000e+00
-1.400000000000000000e+02 -1.000000000000000000e+02 0.000000000000000000e+00
-1.400000000000000000e+02 -9.000000000000000000e+01 0.000000000000000000e+00
-1.400000000000000000e+02 -8.000000000000000000e+01 0.000000000000000000e+00
-1.400000000000000000e+02 -7.000000000000000000e+01 0.000000000000000000e+00
-1.400000000000000000e+02 -6.000000000000000000e+01 0.000000000000000000e+00
-1.400000000000000000e+02 -5.000000000000000000e+01 0.000000000000000000e+00
-1.400000000000000000e+02 -4.000000000000000000e+01 0.000000000000000000e+00
-1.400000000000000000e+02 -3.000000000000000000e+01 0.000000000000000000e+00
-1.400000000000000000e+02 -2.000000000000000000e+01 0.000000000000000000e+00
-1.400000000000000000e+02 -1.000000000000000000e+01 0.000000000000000000e+00
-1.400000000000000000e+02 0.000000000000000000e+00 0.000000000000000000e+00
-1.400000000000000000e+02 1.000000000000000000e+01 0.000000000000000000e+00
-1.400000000000000000e+02 2.000000000000000000e+01 0.000000000000000000e+00
-1.400000000000000000e+02 3.000000000000000000e+01 0.000000000000000000e+00
-1.400000000000000000e+02 4.000000000000000000e+01 0.000000000000000000e+00
-1.400000000000000000e+02 5.000000000000000000e+01 0.000000000000000000e+00
-1.400000000000000000e+02 6.000000000000000000e+01 0.000000000000000000e+00
-1.400000000000000000e+02 7.000000000000000000e+01 0.000000000000000000e+00
-1.400000000000000000e+02 8.000000000000000000e+01 0.000000000000000000e+00
-1.400000000000000000e+02 9.000000000000000000e+01 0.000000000000000000e+00
-1.400000000000000000e+02 1.000000000000000000e+02 0.000000000000000000e+00
-1.400000000000000000e+02 1.100000000000000000e+02 0.000000000000000000e+00
-1.400000000000000000e+02 1.200000000000000000e+02 0.000000000000000000e+00
-1.400000000000000000e+02 1.300000000000000000e+02 0.000000000000000000e+00
-1.400000000000000000e+02 1.400000000000000000e+02 0.000000000000000000e+00
-1.400000000000000000e+02 1.500000000000000000e+02 0.000000000000000000e+00
-1.400000000000000000e+02 1.600000000000000000e+02 0.000000000000000000e+00
-1.400000000000000000e+02 1.700000000000000000e+02 0.000000000000000000e+00
-1.400000000000000000e+02 1.800000000000000000e+02 0.000000000000000000e+00
-1.300000000000000000e+02 -1.800000000000000000e+02 0.000000000000000000e+00
-1.300000000000000000e+02 -1.700000000000000000e+02 0.000000000000000000e+00
-1.300000000000000000e+02 -1.600000000000000000e+02 0.000000000000000000e+00
-1.300000000000000000e+02 -1.500000000000000000e+02 0.000000000000000000e+00
-1.300000000000000000e+02 -1.400000000000000000e+02 9.204569999999999697e-01
-1.300000000000000000e+02 -1.300000000000000000e+02 7.961340000000000083e-01
-1.300000000000000000e+02 -1.200000000000000000e+02 0.000000000000000000e+00
-1.300000000000000000e+02 -1.100000000000000000e+02 3.327749999999999875e-01
-1.300000000000000000e+02 -1.000000000000000000e+02 1.314780000000000115e-01
-1.300000000000000000e+02 -9.000000000000000000e+01 0.000000000000000000e+00
-1.300000000000000000e+02 -8.000000000000000000e+01 0.000000000000000000e+00
-1.300000000000000000e+02 -7.000000000000000000e+01 0.000000000000000000e+00
-1.300000000000000000e+02 -6.000000000000000000e+01 0.000000000000000000e+00
-1.300000000000000000e+02 -5.000000000000000000e+01 0.000000000000000000e+00
-1.300000000000000000e+02 -4.000000000000000000e+01 0.000000000000000000e+00
-1.300000000000000000e+02 -3.000000000000000000e+01 0.000000000000000000e+00
-1.300000000000000000e+02 -2.000000000000000000e+01 0.000000000000000000e+00
-1.300000000000000000e+02 -1.000000000000000000e+01 0.000000000000000000e+00
-1.300000000000000000e+02 0.000000000000000000e+00 0.000000000000000000e+00
-1.300000000000000000e+02 1.000000000000000000e+01 0.000000000000000000e+00
-1.300000000000000000e+02 2.000000000000000000e+01 0.000000000000000000e+00
-1.300000000000000000e+02 3.000000000000000000e+01 0.000000000000000000e+00
-1.300000000000000000e+02 4.000000000000000000e+01 0.000000000000000000e+00
-1.300000000000000000e+02 5.000000000000000000e+01 0.000000000000000000e+00
-1.300000000000000000e+02 6.000000000000000000e+01 0.000000000000000000e+00
-1.300000000000000000e+02 7.000000000000000000e+01 0.000000000000000000e+00
-1.300000000000000000e+02 8.000000000000000000e+01 0.000000000000000000e+00
-1.300000000000000000e+02 9.000000000000000000e+01 0.000000000000000000e+00
-1.300000000000000000e+02 1.000000000000000000e+02 0.000000000000000000e+00
-1.300000000000000000e+02 1.100000000000000000e+02 0.000000000000000000e+00
-1.300000000000000000e+02 1.200000000000000000e+02 0.000000000000000000e+00
-1.300000000000000000e+02 1.300000000000000000e+02 0.000000000000000000e+00
-1.300000000000000000e+02 1.400000000000000000e+02 0.000000000000000000e+00
-1.300000000000000000e+02 1.500000000000000000e+02 0.000000000000000000e+00
-1.300000000000000000e+02 1.600000000000000000e+02 0.000000000000000000e+00
-1.300000000000000000e+02 1.700000000000000000e+02 0.000000000000000000e+00
-1.300000000000000000e+02 1.800000000000000000e+02 0.000000000000000000e+00
-1.200000000000000000e+02 -1.800000000000000000e+02 0.000000000000000000e+00
-1.200000000000000000e+02 -1.700000000000000000e+02 0.000000000000000000e+00
-1.200000000000000000e+02 -1.600000000000000000e+02 0.000000000000000000e+00
-1.200000000000000000e+02 -1.500000000000000000e+02 0.000000000000000000e+00
-1.200000000000000000e+02 -1.400000000000000000e+02 0.000000000000000000e+00
-1.200000000000000000e+02 -1.300000000000000000e+02 7.872580000000000133e-01
-1.200000000000000000e+02 -1.200000000000000000e+02 2.264088000000000100e+00
-1.200000000000000000e+02 -1.100000000000000000e+02 6.428183999999999898e+00
-1.200000000000000000e+02 -1.000000000000000000e+02 1.010016000000000025e+00
-1.200000000000000000e+02 -9.000000000000000000e+01 2.559420000000000028e-01
-1.200000000000000000e+02 -8.000000000000000000e+01 2.276700000000000251e-02
-1.200000000000000000e+02 -7.000000000000000000e+01 6.172999999999999668e-03
-1.200000000000000000e+02 -6.000000000000000000e+01 0.000000000000000000e+00
-1.200000000000000000e+02 -5.000000000000000000e+01 0.000000000000000000e+00
-1.200000000000000000e+02 -4.000000000000000000e+01 0.000000000000000000e+00
-1.200000000000000000e+02 -3.000000000000000000e+01 0.000000000000000000e+00
-1.200000000000000000e+02 -2.000000000000000000e+01 0.000000000000000000e+00
-1.200000000000000000e+02 -1.000000000000000000e+01 0.000000000000000000e+00
-1.200000000000000000e+02 0.000000000000000000e+00 0.000000000000000000e+00
-1.200000000000000000e+02 1.000000000000000000e+01 0.000000000000000000e+00
-1.200000000000000000e+02 2.000000000000000000e+01 0.000000000000000000e+00
-1.200000000000000000e+02 3.000000000000000000e+01 0.000000000000000000e+00
-1.200000000000000000e+02 4.000000000000000000e+01 0.000000000000000000e+00
-1.200000000000000000e+02 5.000000000000000000e+01 0.000000000000000000e+00
-1.200000000000000000e+02 6.000000000000000000e+01 0.000000000000000000e+00
-1.200000000000000000e+02 7.000000000000000000e+01 0.000000000000000000e+00
-1.200000000000000000e+02 8.000000000000000000e+01 0.000000000000000000e+00
-1.200000000000000000e+02 9.000000000000000000e+01 0.000000000000000000e+00
-1.200000000000000000e+02 1.000000000000000000e+02 0.000000000000000000e+00
-1.200000000000000000e+02 1.100000000000000000e+02 0.000000000000000000e+00
-1.200000000000000000e+02 1.200000000000000000e+02 0.000000000000000000e+00
-1.200000000000000000e+02 1.300000000000000000e+02 0.000000000000000000e+00
-1.200000000000000000e+02 1.400000000000000000e+02 0.000000000000000000e+00
-1.200000000000000000e+02 1.500000000000000000e+02 0.000000000000000000e+00
-1.200000000000000000e+02 1.600000000000000000e+02 0.000000000000000000e+00
-1.200000000000000000e+02 1.700000000000000000e+02 0.000000000000000000e+00
-1.200000000000000000e+02 1.800000000000000000e+02 0.000000000000000000e+00
-1.100000000000000000e+02 -1.800000000000000000e+02 0.000000000000000000e+00
-1.100000000000000000e+02 -1.700000000000000000e+02 0.000000000000000000e+00
-1.100000000000000000e+02 -1.600000000000000000e+02 0.000000000000000000e+00
-1.100000000000000000e+02 -1.500000000000000000e+02 0.000000000000000000e+00
-1.100000000000000000e+02 -1.400000000000000000e+02 9.096469999999999834e-01
-1.100000000000000000e+02 -1.300000000000000000e+02 2.319420000000000037e+00
-1.100000000000000000e+02 -1.200000000000000000e+02 1.356067499999999981e+01
-1.100000000000000000e+02 -1.100000000000000000e+02 1.347095999999999805e+01
-1.100000000000000000e+02 -1.000000000000000000e+02 6.403475000000000250e+00
-1.100000000000000000e+02 -9.000000000000000000e+01 6.763399999999999412e-01
-1.100000000000000000e+02 -8.000000000000000000e+01 4.380799999999999972e-02
-1.100000000000000000e+02 -7.000000000000000000e+01 0.000000000000000000e+00
-1.100000000000000000e+02 -6.000000000000000000e+01 0.000000000000000000e+00
-1.100000000000000000e+02 -5.000000000000000000e+01 0.000000000000000000e+00
-1.100000000000000000e+02 -4.000000000000000000e+01 0.000000000000000000e+00
-1.100000000000000000e+02 -3.000000000000000000e+01 0.000000000000000000e+00
-1.100000000000000000e+02 -2.000000000000000000e+01 0.000000000000000000e+00
-1.100000000000000000e+02 -1.000000000000000000e+01 0.000000000000000000e+00
-1.100000000000000000e+02 0.000000000000000000e+00 0.000000000000000000e+00
-1.100000000000000000e+02 1.000000000000000000e+01 0.000000000000000000e+00
-1.100000000000000000e+02 2.000000000000000000e+01 0.000000000000000000e+00
-1.100000000000000000e+02 3.000000000000000000e+01 0.000000000000000000e+00
-1.100000000000000000e+02 4.000000000000000000e+01 0.000000000000000000e+00
-1.100000000000000000e+02 5.000000000000000000e+01 0.000000000000000000e+00
-1.100000000000000000e+02 6.000000000000000000e+01 0.000000000000000000e+00
-1.100000000000000000e+02 7.000000000000000000e+01 0.000000000000000000e+00
-1.100000000000000000e+02 8.000000000000000000e+01 0.000000000000000000e+00
-1.100000000000000000e+02 9.000000000000000000e+01 0.000000000000000000e+00
-1.100000000000000000e+02 1.000000000000000000e+02 0.000000000000000000e+00
-1.100000000000000000e+02 1.100000000000000000e+02 0.000000000000000000e+00
-1.100000000000000000e+02 1.200000000000000000e+02 0.000000000000000000e+00
-1.100000000000000000e+02 1.300000000000000000e+02 0.000000000000000000e+00
-1.100000000000000000e+02 1.400000000000000000e+02 0.000000000000000000e+00
-1.100000000000000000e+02 1.500000000000000000e+02 0.000000000000000000e+00
-1.100000000000000000e+02 1.600000000000000000e+02 0.000000000000000000e+00
-1.100000000000000000e+02 1.700000000000000000e+02 0.000000000000000000e+00
-1.100000000000000000e+02 1.800000000000000000e+02 0.000000000000000000e+00
-1.000000000000000000e+02 -1.800000000000000000e+02 0.000000000000000000e+00
-1.000000000000000000e+02 -1.700000000000000000e+02 0.000000000000000000e+00
-1.000000000000000000e+02 -1.600000000000000000e+02 0.000000000000000000e+00
-1.000000000000000000e+02 -1.500000000000000000e+02 0.000000000000000000e+00
-1.000000000000000000e+02 -1.400000000000000000e+02 0.000000000000000000e+00
-1.000000000000000000e+02 -1.300000000000000000e+02 1.595138999999999996e+01
-1.000000000000000000e+02 -1.200000000000000000e+02 2.654366400000000326e+01
-1.000000000000000000e+02 -1.100000000000000000e+02 3.919793900000000519e+01
-1.000000000000000000e+02 -1.000000000000000000e+02 1.233926999999999907e+01
-1.000000000000000000e+02 -9.000000000000000000e+01 1.564697999999999922e+00
-1.000000000000000000e+02 -8.000000000000000000e+01 1.057440000000000047e-01
-1.000000000000000000e+02 -7.000000000000000000e+01 3.284000000000000027e-03
-1.000000000000000000e+02 -6.000000000000000000e+01 3.310000000000000008e-03
-1.000000000000000000e+02 -5.000000000000000000e+01 0.000000000000000000e+00
-1.000000000000000000e+02 -4.000000000000000000e+01 0.000000000000000000e+00
-1.000000000000000000e+02 -3.000000000000000000e+01 0.000000000000000000e+00
-1.000000000000000000e+02 -2.000000000000000000e+01 0.000000000000000000e+00
-1.000000000000000000e+02 -1.000000000000000000e+01 0.000000000000000000e+00
-1.000000000000000000e+02 0.000000000000000000e+00 0.000000000000000000e+00
-1.000000000000000000e+02 1.000000000000000000e+01 0.000000000000000000e+00
-1.000000000000000000e+02 2.000000000000000000e+01 0.000000000000000000e+00
-1.000000000000000000e+02 3.000000000000000000e+01 0.000000000000000000e+00
-1.000000000000000000e+02 4.000000000000000000e+01 0.000000000000000000e+00
-1.000000000000000000e+02 5.000000000000000000e+01 0.000000000000000000e+00
-1.000000000000000000e+02 6.000000000000000000e+01 0.000000000000000000e+00
-1.000000000000000000e+02 7.000000000000000000e+01 0.000000000000000000e+00
-1.000000000000000000e+02 8.000000000000000000e+01 0.000000000000000000e+00
-1.000000000000000000e+02 9.000000000000000000e+01 0.000000000000000000e+00
-1.000000000000000000e+02 1.000000000000000000e+02 0.000000000000000000e+00
-1.000000000000000000e+02 1.100000000000000000e+02 0.000000000000000000e+00
-1.000000000000000000e+02 1.200000000000000000e+02 0.000000000000000000e+00
-1.000000000000000000e+02 1.300000000000000000e+02 0.000000000000000000e+00
-1.000000000000000000e+02 1.400000000000000000e+02 0.000000000000000000e+00
-1.000000000000000000e+02 1.500000000000000000e+02 0.000000000000000000e+00
-1.000000000000000000e+02 1.600000000000000000e+02 0.000000000000000000e+00
-1.000000000000000000e+02 1.700000000000000000e+02 0.000000000000000000e+00
-1.000000000000000000e+02 1.800000000000000000e+02 0.000000000000000000e+00
-9.000000000000000000e+01 -1.800000000000000000e+02 0.000000000000000000e+00
-9.000000000000000000e+01 -1.700000000000000000e+02 0.000000000000000000e+00
-9.000000000000000000e+01 -1.600000000000000000e+02 0.000000000000000000e+00
-9.000000000000000000e+01 -1.500000000000000000e+02 0.000000000000000000e+00
-9.000000000000000000e+01 -1.400000000000000000e+02 3.596620000000000150e+00
-9.000000000000000000e+01 -1.300000000000000000e+02 2.027780999999999878e+01
-9.000000000000000000e+01 -1.200000000000000000e+02 9.249606899999999143e+01
-9.000000000000000000e+01 -1.100000000000000000e+02 1.113569130000000058e+02
-9.000000000000000000e+01 -1.000000000000000000e+02 3.954369200000000006e+01
-9.000000000000000000e+01 -9.000000000000000000e+01 5.924154000000000586e+00
-9.000000000000000000e+01 -8.000000000000000000e+01 3.577440000000000064e-01
-9.000000000000000000e+01 -7.000000000000000000e+01 7.244999999999999704e-03
-9.000000000000000000e+01 -6.000000000000000000e+01 0.000000000000000000e+00
-9.000000000000000000e+01 -5.000000000000000000e+01 0.000000000000000000e+00
-9.000000000000000000e+01 -4.000000000000000000e+01 0.000000000000000000e+00
-9.000000000000000000e+01 -3.000000000000000000e+01 0.000000000000000000e+00
-9.000000000000000000e+01 -2.000000000000000000e+01 0.000000000000000000e+00
-9.000000000000000000e+01 -1.000000000000000000e+01 0.000000000000000000e+00
-9.000000000000000000e+01 0.000000000000000000e+00 0.000000000000000000e+00
-9.000000000000000000e+01 1.000000000000000000e+01 0.000000000000000000e+00
-9.000000000000000000e+01 2.000000000000000000e+01 0.000000000000000000e+00
-9.000000000000000000e+01 3.000000000000000000e+01 0.000000000000000000e+00
-9.000000000000000000e+01 4.000000000000000000e+01 0.000000000000000000e+00
-9.000000000000000000e+01 5.000000000000000000e+01 0.000000000000000000e+00
-9.000000000000000000e+01 6.000000000000000000e+01 0.000000000000000000e+00
-9.000000000000000000e+01 7.000000000000000000e+01 0.000000000000000000e+00
-9.000000000000000000e+01 8.000000000000000000e+01 0.000000000000000000e+00
-9.000000000000000000e+01 9.000000000000000000e+01 0.000000000000000000e+00
-9.000000000000000000e+01 1.000000000000000000e+02 0.000000000000000000e+00
-9.000000000000000000e+01 1.100000000000000000e+02 0.000000000000000000e+00
-9.000000000000000000e+01 1.200000000000000000e+02 0.000000000000000000e+00
-9.000000000000000000e+01 1.300000000000000000e+02 0.000000000000000000e+00
-9.000000000000000000e+01 1.400000000000000000e+02 0.000000000000000000e+00
-9.000000000000000000e+01 1.500000000000000000e+02 0.000000000000000000e+00
-9.000000000000000000e+01 1.600000000000000000e+02 0.000000000000000000e+00
-9.000000000000000000e+01 1.700000000000000000e+02 0.000000000000000000e+00
-9.000000000000000000e+01 1.800000000000000000e+02 0.000000000000000000e+00
-8.000000000000000000e+01 -1.800000000000000000e+02 0.000000000000000000e+00
-8.000000000000000000e+01 -1.700000000000000000e+02 0.000000000000000000e+00
-8.000000000000000000e+01 -1.600000000000000000e+02 0.000000000000000000e+00
-8.000000000000000000e+01 -1.500000000000000000e+02 0.000000000000000000e+00
-8.000000000000000000e+01 -1.400000000000000000e+02 7.185448000000000057e+00
-8.000000000000000000e+01 -1.300000000000000000e+02 7.109895000000000209e+01
-8.000000000000000000e+01 -1.200000000000000000e+02 2.837705280000000130e+02
-8.000000000000000000e+01 -1.100000000000000000e+02 4.262176919999999996e+02
-8.000000000000000000e+01 -1.000000000000000000e+02 1.898151300000000106e+02
-8.000000000000000000e+01 -9.000000000000000000e+01 3.206424000000000518e+01
-8.000000000000000000e+01 -8.000000000000000000e+01 1.967449999999999921e+00
-8.000000000000000000e+01 -7.000000000000000000e+01 5.072800000000000226e-02
-8.000000000000000000e+01 -6.000000000000000000e+01 1.030000000000000100e-03
-8.000000000000000000e+01 -5.000000000000000000e+01 0.000000000000000000e+00
-8.000000000000000000e+01 -4.000000000000000000e+01 0.000000000000000000e+00
-8.000000000000000000e+01 -3.000000000000000000e+01 0.000000000000000000e+00
-8.000000000000000000e+01 -2.000000000000000000e+01 0.000000000000000000e+00
-8.000000000000000000e+01 -1.000000000000000000e+01 0.000000000000000000e+00
-8.000000000000000000e+01 0.000000000000000000e+00 0.000000000000000000e+00
-8.000000000000000000e+01 1.000000000000000000e+01 0.000000000000000000e+00
-8.000000000000000000e+01 2.000000000000000000e+01 0.000000000000000000e+00
-8.000000000000000000e+01 3.000000000000000000e+01 0.000000000000000000e+00
-8.000000000000000000e+01 4.000000000000000000e+01 0.000000000000000000e+00
-8.000000000000000000e+01 5.000000000000000000e+01 0.000000000000000000e+00
-8.000000000000000000e+01 6.000000000000000000e+01 0.000000000000000000e+00
-8.000000000000000000e+01 7.000000000000000000e+01 0.000000000000000000e+00
-8.000000000000000000e+01 8.000000000000000000e+01 0.000000000000000000e+00
-8.000000000000000000e+01 9.000000000000000000e+01 0.000000000000000000e+00
-8.000000000000000000e+01 1.000000000000000000e+02 0.000000000000000000e+00
-8.000000000000000000e+01 1.100000000000000000e+02 0.000000000000000000e+00
-8.000000000000000000e+01 1.200000000000000000e+02 0.000000000000000000e+00
-8.000000000000000000e+01 1.300000000000000000e+02 0.000000000000000000e+00
-8.000000000000000000e+01 1.400000000000000000e+02 0.000000000000000000e+00
-8.000000000000000000e+01 1.500000000000000000e+02 0.000000000000000000e+00
-8.000000000000000000e+01 1.600000000000000000e+02 0.000000000000000000e+00
-8.000000000000000000e+01 1.700000000000000000e+02 0.000000000000000000e+00
-8.000000000000000000e+01 1.800000000000000000e+02 0.000000000000000000e+00
-7.000000000000000000e+01 -1.800000000000000000e+02 0.000000000000000000e+00
-7.000000000000000000e+01 -1.700000000000000000e+02 0.000000000000000000e+00
-7.000000000000000000e+01 -1.600000000000000000e+02 0.000000000000000000e+00
-7.000000000000000000e+01 -1.500000000000000000e+02 9.636259999999999826e-01
-7.000000000000000000e+01 -1.400000000000000000e+02 1.525420200000000115e+01
-7.000000000000000000e+01 -1.300000000000000000e+02 2.522172029999999836e+02
-7.000000000000000000e+01 -1.200000000000000000e+02 1.274776046999999835e+03
-7.000000000000000000e+01 -1.100000000000000000e+02 1.853428495999999996e+03
-7.000000000000000000e+01 -1.000000000000000000e+02 8.851995200000000068e+02
-7.000000000000000000e+01 -9.000000000000000000e+01 1.567467440000000067e+02
-7.000000000000000000e+01 -8.000000000000000000e+01 7.623899999999999899e+00
-7.000000000000000000e+01 -7.000000000000000000e+01 8.892200000000000104e-02
-7.000000000000000000e+01 -6.000000000000000000e+01 3.480000000000000020e-04
-7.000000000000000000e+01 -5.000000000000000000e+01 0.000000000000000000e+00
-7.000000000000000000e+01 -4.000000000000000000e+01 0.000000000000000000e+00
-7.000000000000000000e+01 -3.000000000000000000e+01 0.000000000000000000e+00
-7.000000000000000000e+01 -2.000000000000000000e+01 0.000000000000000000e+00
-7.000000000000000000e+01 -1.000000000000000000e+01 0.000000000000000000e+00
-7.000000000000000000e+01 0.000000000000000000e+00 0.000000000000000000e+00
-7.000000000000000000e+01 1.000000000000000000e+01 0.000000000000000000e+00
-7.000000000000000000e+01 2.000000000000000000e+01 0.000000000000000000e+00
-7.000000000000000000e+01 3.000000000000000000e+01 0.000000000000000000e+00
-7.000000000000000000e+01 4.000000000000000000e+01 0.000000000000000000e+00
-7.000000000000000000e+01 5.000000000000000000e+01 0.000000000000000000e+00
-7.000000000000000000e+01 6.000000000000000000e+01 0.000000000000000000e+00
-7.000000000000000000e+01 7.000000000000000000e+01 0.000000000000000000e+00
-7.000000000000000000e+01 8.000000000000000000e+01 0.000000000000000000e+00
-7.000000000000000000e+01 9.000000000000000000e+01 0.000000000000000000e+00
-7.000000000000000000e+01 1.000000000000000000e+02 0.000000000000000000e+00
-7.000000000000000000e+01 1.100000000000000000e+02 0.000000000000000000e+00
-7.000000000000000000e+01 1.200000000000000000e+02 0.000000000000000000e+00
-7.000000000000000000e+01 1.300000000000000000e+02 0.000000000000000000e+00
-7.000000000000000000e+01 1.400000000000000000e+02 0.000000000000000000e+00
-7.000000000000000000e+01 1.500000000000000000e+02 0.000000000000000000e+00
-7.000000000000000000e+01 1.600000000000000000e+02 0.000000000000000000e+00
-7.000000000000000000e+01 1.700000000000000000e+02 0.000000000000000000e+00
-7.000000000000000000e+01 1.800000000000000000e+02 0.000000000000000000e+00
-6.000000000000000000e+01 -1.800000000000000000e+02 0.000000000000000000e+00
-6.000000000000000000e+01 -1.700000000000000000e+02 0.000000000000000000e+00
-6.000000000000000000e+01 -1.600000000000000000e+02 0.000000000000000000e+00
-6.000000000000000000e+01 -1.500000000000000000e+02 0.000000000000000000e+00
-6.000000000000000000e+01 -1.400000000000000000e+02 4.099170399999999859e+01
-6.000000000000000000e+01 -1.300000000000000000e+02 6.275738949999999932e+02
-6.000000000000000000e+01 -1.200000000000000000e+02 3.289171027999999751e+03
-6.000000000000000000e+01 -1.100000000000000000e+02 4.753263052999999672e+03
-6.000000000000000000e+01 -1.000000000000000000e+02 2.171535398999999870e+03
-6.000000000000000000e+01 -9.000000000000000000e+01 3.569775099999999952e+02
-6.000000000000000000e+01 -8.000000000000000000e+01 1.488586000000000098e+01
-6.000000000000000000e+01 -7.000000000000000000e+01 2.319199999999999873e-01
-6.000000000000000000e+01 -6.000000000000000000e+01 1.136000000000000031e-02
-6.000000000000000000e+01 -5.000000000000000000e+01 0.000000000000000000e+00
-6.000000000000000000e+01 -4.000000000000000000e+01 0.000000000000000000e+00
-6.000000000000000000e+01 -3.000000000000000000e+01 0.000000000000000000e+00
-6.000000000000000000e+01 -2.000000000000000000e+01 0.000000000000000000e+00
-6.000000000000000000e+01 -1.000000000000000000e+01 0.000000000000000000e+00
-6.000000000000000000e+01 0.000000000000000000e+00 0.000000000000000000e+00
-6.000000000000000000e+01 1.000000000000000000e+01 0.000000000000000000e+00
-6.000000000000000000e+01 2.000000000000000000e+01 0.000000000000000000e+00
-6.000000000000000000e+01 3.000000000000000000e+01 0.000000000000000000e+00
-6.000000000000000000e+01 4.000000000000000000e+01 0.000000000000000000e+00
-6.000000000000000000e+01 5.000000000000000000e+01 0.000000000000000000e+00
-6.000000000000000000e+01 6.000000000000000000e+01 0.000000000000000000e+00
-6.000000000000000000e+01 7.000000000000000000e+01 0.000000000000000000e+00
-6.000000000000000000e+01 8.000000000000000000e+01 0.000000000000000000e+00
-6.000000000000000000e+01 9.000000000000000000e+01 0.000000000000000000e+00
-6.000000000000000000e+01 1.000000000000000000e+02 0.000000000000000000e+00
-6.000000000000000000e+01 1.100000000000000000e+02 0.000000000000000000e+00
-6.000000000000000000e+01 1.200000000000000000e+02 0.000000000000000000e+00
-6.000000000000000000e+01 1.300000000000000000e+02 0.000000000000000000e+00
-6.000000000000000000e+01 1.400000000000000000e+02 0.000000000000000000e+00
-6.000000000000000000e+01 1.500000000000000000e+02 0.000000000000000000e+00
-6.000000000000000000e+01 1.600000000000000000e+02 0.000000000000000000e+00
-6.000000000000000000e+01 1.700000000000000000e+02 0.000000000000000000e+00
-6.000000000000000000e+01 1.800000000000000000e+02 0.000000000000000000e+00
-5.000000000000000000e+01 -1.800000000000000000e+02 0.000000000000000000e+00
-5.000000000000000000e+01 -1.700000000000000000e+02 0.000000000000000000e+00
-5.000000000000000000e+01 -1.600000000000000000e+02 0.000000000000000000e+00
-5.000000000000000000e+01 -1.500000000000000000e+02 9.439509999999999845e-01
-5.000000000000000000e+01 -1.400000000000000000e+02 4.344764999999999588e+01
-5.000000000000000000e+01 -1.300000000000000000e+02 5.749375610000000734e+02
-5.000000000000000000e+01 -1.200000000000000000e+02 2.836070216000000073e+03
-5.000000000000000000e+01 -1.100000000000000000e+02 4.363099355999999716e+03
-5.000000000000000000e+01 -1.000000000000000000e+02 1.987737088000000085e+03
-5.000000000000000000e+01 -9.000000000000000000e+01 3.052993319999999926e+02
-5.000000000000000000e+01 -8.000000000000000000e+01 1.239601500000000023e+01
-5.000000000000000000e+01 -7.000000000000000000e+01 3.584159999999999568e-01
-5.000000000000000000e+01 -6.000000000000000000e+01 3.107499999999999846e-02
-5.000000000000000000e+01 -5.000000000000000000e+01 0.000000000000000000e+00
-5.000000000000000000e+01 -4.000000000000000000e+01 0.000000000000000000e+00
-5.000000000000000000e+01 -3.000000000000000000e+01 0.000000000000000000e+00
-5.000000000000000000e+01 -2.000000000000000000e+01 0.000000000000000000e+00
-5.000000000000000000e+01 -1.000000000000000000e+01 0.000000000000000000e+00
-5.000000000000000000e+01 0.000000000000000000e+00 0.000000000000000000e+00
-5.000000000000000000e+01 1.000000000000000000e+01 0.000000000000000000e+00
-5.000000000000000000e+01 2.000000000000000000e+01 0.000000000000000000e+00
-5.000000000000000000e+01 3.000000000000000000e+01 0.000000000000000000e+00
-5.000000000000000000e+01 4.000000000000000000e+01 0.000000000000000000e+00
-5.000000000000000000e+01 5.000000000000000000e+01 0.000000000000000000e+00
-5.000000000000000000e+01 6.000000000000000000e+01 0.000000000000000000e+00
-5.000000000000000000e+01 7.000000000000000000e+01 0.000000000000000000e+00
-5.000000000000000000e+01 8.000000000000000000e+01 0.000000000000000000e+00
-5.000000000000000000e+01 9.000000000000000000e+01 0.000000000000000000e+00
-5.000000000000000000e+01 1.000000000000000000e+02 0.000000000000000000e+00
-5.000000000000000000e+01 1.100000000000000000e+02 0.000000000000000000e+00
-5.000000000000000000e+01 1.200000000000000000e+02 0.000000000000000000e+00
-5.000000000000000000e+01 1.300000000000000000e+02 0.000000000000000000e+00
-5.000000000000000000e+01 1.400000000000000000e+02 0.000000000000000000e+00
-5.000000000000000000e+01 1.500000000000000000e+02 0.000000000000000000e+00
-5.000000000000000000e+01 1.600000000000000000e+02 0.000000000000000000e+00
-5.000000000000000000e+01 1.700000000000000000e+02 0.000000000000000000e+00
-5.000000000000000000e+01 1.800000000000000000e+02 0.000000000000000000e+00
-4.000000000000000000e+01 -1.800000000000000000e+02 0.000000000000000000e+00
-4.000000000000000000e+01 -1.700000000000000000e+02 0.000000000000000000e+00
-4.000000000000000000e+01 -1.600000000000000000e+02 0.000000000000000000e+00
-4.000000000000000000e+01 -1.500000000000000000e+02 0.000000000000000000e+00
-4.000000000000000000e+01 -1.400000000000000000e+02 7.279145999999999894e+00
-4.000000000000000000e+01 -1.300000000000000000e+02 1.491451500000000010e+02
-4.000000000000000000e+01 -1.200000000000000000e+02 8.084527199999999993e+02
-4.000000000000000000e+01 -1.100000000000000000e+02 1.394224920000000111e+03
-4.000000000000000000e+01 -1.000000000000000000e+02 7.392409499999999980e+02
-4.000000000000000000e+01 -9.000000000000000000e+01 1.151243449999999910e+02
-4.000000000000000000e+01 -8.000000000000000000e+01 5.411693999999999782e+00
-4.000000000000000000e+01 -7.000000000000000000e+01 1.062049999999999939e-01
-4.000000000000000000e+01 -6.000000000000000000e+01 3.377999999999999926e-03
-4.000000000000000000e+01 -5.000000000000000000e+01 0.000000000000000000e+00
-4.000000000000000000e+01 -4.000000000000000000e+01 0.000000000000000000e+00
-4.000000000000000000e+01 -3.000000000000000000e+01 0.000000000000000000e+00
-4.000000000000000000e+01 -2.000000000000000000e+01 0.000000000000000000e+00
-4.000000000000000000e+01 -1.000000000000000000e+01 0.000000000000000000e+00
-4.000000000000000000e+01 0.000000000000000000e+00 0.000000000000000000e+00
-4.000000000000000000e+01 1.000000000000000000e+01 0.000000000000000000e+00
-4.000000000000000000e+01 2.000000000000000000e+01 0.000000000000000000e+00
-4.000000000000000000e+01 3.000000000000000000e+01 0.000000000000000000e+00
-4.000000000000000000e+01 4.000000000000000000e+01 0.000000000000000000e+00
-4.000000000000000000e+01 5.000000000000000000e+01 0.000000000000000000e+00
-4.000000000000000000e+01 6.000000000000000000e+01 0.000000000000000000e+00
-4.000000000000000000e+01 7.000000000000000000e+01 0.000000000000000000e+00
-4.000000000000000000e+01 8.000000000000000000e+01 0.000000000000000000e+00
-4.000000000000000000e+01 9.000000000000000000e+01 0.000000000000000000e+00
-4.000000000000000000e+01 1.000000000000000000e+02 0.000000000000000000e+00
-4.000000000000000000e+01 1.100000000000000000e+02 0.000000000000000000e+00
-4.000000000000000000e+01 1.200000000000000000e+02 0.000000000000000000e+00
-4.000000000000000000e+01 1.300000000000000000e+02 0.000000000000000000e+00
-4.000000000000000000e+01 1.400000000000000000e+02 0.000000000000000000e+00
-4.000000000000000000e+01 1.500000000000000000e+02 0.000000000000000000e+00
-4.000000000000000000e+01 1.600000000000000000e+02 0.000000000000000000e+00
-4.000000000000000000e+01 1.700000000000000000e+02 0.000000000000000000e+00
-4.000000000000000000e+01 1.800000000000000000e+02 0.000000000000000000e+00
-3.000000000000000000e+01 -1.800000000000000000e+02 0.000000000000000000e+00
-3.000000000000000000e+01 -1.700000000000000000e+02 0.000000000000000000e+00
-3.000000000000000000e+01 -1.600000000000000000e+02 0.000000000000000000e+00
-3.000000000000000000e+01 -1.500000000000000000e+02 0.000000000000000000e+00
-3.000000000000000000e+01 -1.400000000000000000e+02 0.000000000000000000e+00
-3.000000000000000000e+01 -1.300000000000000000e+02 1.152073999999999998e+01
-3.000000000000000000e+01 -1.200000000000000000e+02 9.182524499999999534e+01
-3.000000000000000000e+01 -1.100000000000000000e+02 2.079846739999999841e+02
-3.000000000000000000e+01 -1.000000000000000000e+02 1.502621039999999937e+02
-3.000000000000000000e+01 -9.000000000000000000e+01 3.371324999999999505e+01
-3.000000000000000000e+01 -8.000000000000000000e+01 1.688846000000000069e+00
-3.000000000000000000e+01 -7.000000000000000000e+01 3.185600000000000237e-02
-3.000000000000000000e+01 -6.000000000000000000e+01 0.000000000000000000e+00
-3.000000000000000000e+01 -5.000000000000000000e+01 0.000000000000000000e+00
-3.000000000000000000e+01 -4.000000000000000000e+01 0.000000000000000000e+00
-3.000000000000000000e+01 -3.000000000000000000e+01 0.000000000000000000e+00
-3.000000000000000000e+01 -2.000000000000000000e+01 0.000000000000000000e+00
-3.000000000000000000e+01 -1.000000000000000000e+01 0.000000000000000000e+00
-3.000000000000000000e+01 0.000000000000000000e+00 0.000000000000000000e+00
-3.000000000000000000e+01 1.000000000000000000e+01 0.000000000000000000e+00
-3.000000000000000000e+01 2.000000000000000000e+01 0.000000000000000000e+00
-3.000000000000000000e+01 3.000000000000000000e+01 0.000000000000000000e+00
-3.000000000000000000e+01 4.000000000000000000e+01 0.000000000000000000e+00
-3.000000000000000000e+01 5.000000000000000000e+01 0.000000000000000000e+00
-3.000000000000000000e+01 6.000000000000000000e+01 0.000000000000000000e+00
-3.000000000000000000e+01 7.000000000000000000e+01 0.000000000000000000e+00
-3.000000000000000000e+01 8.000000000000000000e+01 0.000000000000000000e+00
-3.000000000000000000e+01 9.000000000000000000e+01 0.000000000000000000e+00
-3.000000000000000000e+01 1.000000000000000000e+02 0.000000000000000000e+00
-3.000000000000000000e+01 1.100000000000000000e+02 0.000000000000000000e+00
-3.000000000000000000e+01 1.200000000000000000e+02 0.000000000000000000e+00
-3.000000000000000000e+01 1.300000000000000000e+02 0.000000000000000000e+00
-3.000000000000000000e+01 1.400000000000000000e+02 0.000000000000000000e+00
-3.000000000000000000e+01 1.500000000000000000e+02 0.000000000000000000e+00
-3.000000000000000000e+01 1.600000000000000000e+02 0.000000000000000000e+00
-3.000000000000000000e+01 1.700000000000000000e+02 0.000000000000000000e+00
-3.000000000000000000e+01 1.800000000000000000e+02 0.000000000000000000e+00
-2.000000000000000000e+01 -1.800000000000000000e+02 0.000000000000000000e+00
-2.000000000000000000e+01 -1.700000000000000000e+02 0.000000000000000000e+00
-2.000000000000000000e+01 -1.600000000000000000e+02 0.000000000000000000e+00
-2.000000000000000000e+01 -1.500000000000000000e+02 0.000000000000000000e+00
-2.000000000000000000e+01 -1.400000000000000000e+02 0.000000000000000000e+00
-2.000000000000000000e+01 -1.300000000000000000e+02 8.048920000000000519e-01
-2.000000000000000000e+01 -1.200000000000000000e+02 5.408117999999999981e+00
-2.000000000000000000e+01 -1.100000000000000000e+02 1.897280999999999906e+01
-2.000000000000000000e+01 -1.000000000000000000e+02 2.324310899999999691e+01
-2.000000000000000000e+01 -9.000000000000000000e+01 7.922873999999999306e+00
-2.000000000000000000e+01 -8.000000000000000000e+01 6.169019999999999504e-01
-2.000000000000000000e+01 -7.000000000000000000e+01 4.469200000000000256e-02
-2.000000000000000000e+01 -6.000000000000000000e+01 0.000000000000000000e+00
-2.000000000000000000e+01 -5.000000000000000000e+01 0.000000000000000000e+00
-2.000000000000000000e+01 -4.000000000000000000e+01 0.000000000000000000e+00
-2.000000000000000000e+01 -3.000000000000000000e+01 0.000000000000000000e+00
-2.000000000000000000e+01 -2.000000000000000000e+01 0.000000000000000000e+00
-2.000000000000000000e+01 -1.000000000000000000e+01 0.000000000000000000e+00
-2.000000000000000000e+01 0.000000000000000000e+00 0.000000000000000000e+00
-2.000000000000000000e+01 1.000000000000000000e+01 0.000000000000000000e+00
-2.000000000000000000e+01 2.000000000000000000e+01 0.000000000000000000e+00
-2.000000000000000000e+01 3.000000000000000000e+01 0.000000000000000000e+00
-2.000000000000000000e+01 4.000000000000000000e+01 0.000000000000000000e+00
-2.000000000000000000e+01 5.000000000000000000e+01 0.000000000000000000e+00
-2.000000000000000000e+01 6.000000000000000000e+01 0.000000000000000000e+00
-2.000000000000000000e+01 7.000000000000000000e+01 0.000000000000000000e+00
-2.000000000000000000e+01 8.000000000000000000e+01 0.000000000000000000e+00
-2.000000000000000000e+01 9.000000000000000000e+01 0.000000000000000000e+00
-2.000000000000000000e+01 1.000000000000000000e+02 0.000000000000000000e+00
-2.000000000000000000e+01 1.100000000000000000e+02 0.000000000000000000e+00
-2.000000000000000000e+01 1.200000000000000000e+02 0.000000000000000000e+00
-2.000000000000000000e+01 1.300000000000000000e+02 0.000000000000000000e+00
-2.000000000000000000e+01 1.400000000000000000e+02 0.000000000000000000e+00
-2.000000000000000000e+01 1.500000000000000000e+02 0.000000000000000000e+00
-2.000000000000000000e+01 1.600000000000000000e+02 0.000000000000000000e+00
-2.000000000000000000e+01 1.700000000000000000e+02 0.000000000000000000e+00
-2.000000000000000000e+01 1.800000000000000000e+02 0.000000000000000000e+00
-1.000000000000000000e+01 -1.800000000000000000e+02 0.000000000000000000e+00
-1.000000000000000000e+01 -1.700000000000000000e+02 0.000000000000000000e+00
-1.000000000000000000e+01 -1.600000000000000000e+02 0.000000000000000000e+00
-1.000000000000000000e+01 -1.500000000000000000e+02 0.000000000000000000e+00
-1.000000000000000000e+01 -1.400000000000000000e+02 0.000000000000000000e+00
-1.000000000000000000e+01 -1.300000000000000000e+02 0.000000000000000000e+00
-1.000000000000000000e+01 -1.200000000000000000e+02 0.000000000000000000e+00
-1.000000000000000000e+01 -1.100000000000000000e+02 1.943874000000000102e+00
-1.000000000000000000e+01 -1.000000000000000000e+02 6.244016999999999484e+00
-1.000000000000000000e+01 -9.000000000000000000e+01 4.831103999999999843e+00
-1.000000000000000000e+01 -8.000000000000000000e+01 5.278859999999999664e-01
-1.000000000000000000e+01 -7.000000000000000000e+01 0.000000000000000000e+00
-1.000000000000000000e+01 -6.000000000000000000e+01 0.000000000000000000e+00
-1.000000000000000000e+01 -5.000000000000000000e+01 0.000000000000000000e+00
-1.000000000000000000e+01 -4.000000000000000000e+01 0.000000000000000000e+00
-1.000000000000000000e+01 -3.000000000000000000e+01 0.000000000000000000e+00
-1.000000000000000000e+01 -2.000000000000000000e+01 0.000000000000000000e+00
-1.000000000000000000e+01 -1.000000000000000000e+01 0.000000000000000000e+00
-1.000000000000000000e+01 0.000000000000000000e+00 0.000000000000000000e+00
-1.000000000000000000e+01 1.000000000000000000e+01 0.000000000000000000e+00
-1.000000000000000000e+01 2.000000000000000000e+01 0.000000000000000000e+00
-1.000000000000000000e+01 3.000000000000000000e+01 0.000000000000000000e+00
-1.000000000000000000e+01 4.000000000000000000e+01 0.000000000000000000e+00
-1.000000000000000000e+01 5.000000000000000000e+01 0.000000000000000000e+00
-1.000000000000000000e+01 6.000000000000000000e+01 0.000000000000000000e+00
-1.000000000000000000e+01 7.000000000000000000e+01 0.000000000000000000e+00
-1.000000000000000000e+01 8.000000000000000000e+01 0.000000000000000000e+00
-1.000000000000000000e+01 9.000000000000000000e+01 0.000000000000000000e+00
-1.000000000000000000e+01 1.000000000000000000e+02 0.000000000000000000e+00
-1.000000000000000000e+01 1.100000000000000000e+02 0.000000000000000000e+00
-1.000000000000000000e+01 1.200000000000000000e+02 0.000000000000000000e+00
-1.000000000000000000e+01 1.300000000000000000e+02 0.000000000000000000e+00
-1.000000000000000000e+01 1.400000000000000000e+02 0.000000000000000000e+00
-1.000000000000000000e+01 1.500000000000000000e+02 0.000000000000000000e+00
-1.000000000000000000e+01 1.600000000000000000e+02 0.000000000000000000e+00
-1.000000000000000000e+01 1.700000000000000000e+02 0.000000000000000000e+00
-1.000000000000000000e+01 1.800000000000000000e+02 0.000000000000000000e+00
0.000000000000000000e+00 -1.800000000000000000e+02 0.000000000000000000e+00
0.000000000000000000e+00 -1.700000000000000000e+02 0.000000000000000000e+00
0.000000000000000000e+00 -1.600000000000000000e+02 0.000000000000000000e+00
0.000000000000000000e+00 -1.500000000000000000e+02 0.000000000000000000e+00
0.000000000000000000e+00 -1.400000000000000000e+02 0.000000000000000000e+00
0.000000000000000000e+00 -1.300000000000000000e+02 0.000000000000000000e+00
0.000000000000000000e+00 -1.200000000000000000e+02 0.000000000000000000e+00
0.000000000000000000e+00 -1.100000000000000000e+02 1.088960000000000150e+00
0.000000000000000000e+00 -1.000000000000000000e+02 4.272359999999999935e+00
0.000000000000000000e+00 -9.000000000000000000e+01 7.602279999999999482e+00
0.000000000000000000e+00 -8.000000000000000000e+01 3.664166999999999952e+00
0.000000000000000000e+00 -7.000000000000000000e+01 0.000000000000000000e+00
0.000000000000000000e+00 -6.000000000000000000e+01 0.000000000000000000e+00
0.000000000000000000e+00 -5.000000000000000000e+01 0.000000000000000000e+00
0.000000000000000000e+00 -4.000000000000000000e+01 0.000000000000000000e+00
0.000000000000000000e+00 -3.000000000000000000e+01 0.000000000000000000e+00
0.000000000000000000e+00 -2.000000000000000000e+01 0.000000000000000000e+00
0.000000000000000000e+00 -1.000000000000000000e+01 0.000000000000000000e+00
0.000000000000000000e+00 0.000000000000000000e+00 0.000000000000000000e+00
0.000000000000000000e+00 1.000000000000000000e+01 0.000000000000000000e+00
0.000000000000000000e+00 2.000000000000000000e+01 0.000000000000000000e+00
0.000000000000000000e+00 3.000000000000000000e+01 0.000000000000000000e+00
0.000000000000000000e+00 4.000000000000000000e+01 0.000000000000000000e+00
0.000000000000000000e+00 5.000000000000000000e+01 0.000000000000000000e+00
0.000000000000000000e+00 6.000000000000000000e+01 0.000000000000000000e+00
0.000000000000000000e+00 7.000000000000000000e+01 0.000000000000000000e+00
0.000000000000000000e+00 8.000000000000000000e+01 0.000000000000000000e+00
0.000000000000000000e+00 9.000000000000000000e+01 0.000000000000000000e+00
0.000000000000000000e+00 1.000000000000000000e+02 0.000000000000000000e+00
0.000000000000000000e+00 1.100000000000000000e+02 0.000000000000000000e+00
0.000000000000000000e+00 1.200000000000000000e+02 0.000000000000000000e+00
0.000000000000000000e+00 1.300000000000000000e+02 0.000000000000000000e+00
0.000000000000000000e+00 1.400000000000000000e+02 0.000000000000000000e+00
0.000000000000000000e+00 1.500000000000000000e+02 0.000000000000000000e+00
0.000000000000000000e+00 1.600000000000000000e+02 0.000000000000000000e+00
0.000000000000000000e+00 1.700000000000000000e+02 0.000000000000000000e+00
0.000000000000000000e+00 1.800000000000000000e+02 0.000000000000000000e+00
1.000000000000000000e+01 -1.800000000000000000e+02 0.000000000000000000e+00
1.000000000000000000e+01 -1.700000000000000000e+02 0.000000000000000000e+00
1.000000000000000000e+01 -1.600000000000000000e+02 0.000000000000000000e+00
1.000000000000000000e+01 -1.500000000000000000e+02 0.000000000000000000e+00
1.000000000000000000e+01 -1.400000000000000000e+02 0.000000000000000000e+00
1.000000000000000000e+01 -1.300000000000000000e+02 0.000000000000000000e+00
1.000000000000000000e+01 -1.200000000000000000e+02 0.000000000000000000e+00
1.000000000000000000e+01 -1.100000000000000000e+02 0.000000000000000000e+00
1.000000000000000000e+01 -1.000000000000000000e+02 1.789989999999999915e-01
1.000000000000000000e+01 -9.000000000000000000e+01 2.323103999999999836e+00
1.000000000000000000e+01 -8.000000000000000000e+01 2.935817999999999817e+00
1.000000000000000000e+01 -7.000000000000000000e+01 9.123840000000000838e-01
1.000000000000000000e+01 -6.000000000000000000e+01 0.000000000000000000e+00
1.000000000000000000e+01 -5.000000000000000000e+01 0.000000000000000000e+00
1.000000000000000000e+01 -4.000000000000000000e+01 0.000000000000000000e+00
1.000000000000000000e+01 -3.000000000000000000e+01 0.000000000000000000e+00
1.000000000000000000e+01 -2.000000000000000000e+01 0.000000000000000000e+00
1.000000000000000000e+01 -1.000000000000000000e+01 0.000000000000000000e+00
1.000000000000000000e+01 0.000000000000000000e+00 0.000000000000000000e+00
1.000000000000000000e+01 1.000000000000000000e+01 0.000000000000000000e+00
1.000000000000000000e+01 2.000000000000000000e+01 0.000000000000000000e+00
1.000000000000000000e+01 3.000000000000000000e+01 0.000000000000000000e+00
1.000000000000000000e+01 4.000000000000000000e+01 0.000000000000000000e+00
1.000000000000000000e+01 5.000000000000000000e+01 0.000000000000000000e+00
1.000000000000000000e+01 6.000000000000000000e+01 0.000000000000000000e+00
1.000000000000000000e+01 7.000000000000000000e+01 0.000000000000000000e+00
1.000000000000000000e+01 8.000000000000000000e+01 0.000000000000000000e+00
1.000000000000000000e+01 9.000000000000000000e+01 0.000000000000000000e+00
1.000000000000000000e+01 1.000000000000000000e+02 0.000000000000000000e+00
1.000000000000000000e+01 1.100000000000000000e+02 0.000000000000000000e+00
1.000000000000000000e+01 1.200000000000000000e+02 0.000000000000000000e+00
1.000000000000000000e+01 1.300000000000000000e+02 0.000000000000000000e+00
1.000000000000000000e+01 1.400000000000000000e+02 0.000000000000000000e+00
1.000000000000000000e+01 1.500000000000000000e+02 0.000000000000000000e+00
1.000000000000000000e+01 1.600000000000000000e+02 0.000000000000000000e+00
1.000000000000000000e+01 1.700000000000000000e+02 0.000000000000000000e+00
1.000000000000000000e+01 1.800000000000000000e+02 0.000000000000000000e+00
2.000000000000000000e+01 -1.800000000000000000e+02 0.000000000000000000e+00
2.000000000000000000e+01 -1.700000000000000000e+02 0.000000000000000000e+00
2.000000000000000000e+01 -1.600000000000000000e+02 0.000000000000000000e+00
2.000000000000000000e+01 -1.500000000000000000e+02 0.000000000000000000e+00
2.000000000000000000e+01 -1.400000000000000000e+02 0.000000000000000000e+00
2.000000000000000000e+01 -1.300000000000000000e+02 0.000000000000000000e+00
2.000000000000000000e+01 -1.200000000000000000e+02 0.000000000000000000e+00
2.000000000000000000e+01 -1.100000000000000000e+02 0.000000000000000000e+00
2.000000000000000000e+01 -1.000000000000000000e+02 0.000000000000000000e+00
2.000000000000000000e+01 -9.000000000000000000e+01 2.709900000000000087e-01
2.000000000000000000e+01 -8.000000000000000000e+01 2.092460999999999682e+00
2.000000000000000000e+01 -7.000000000000000000e+01 1.141685999999999979e+00
2.000000000000000000e+01 -6.000000000000000000e+01 4.630499999999999894e-02
2.000000000000000000e+01 -5.000000000000000000e+01 0.000000000000000000e+00
2.000000000000000000e+01 -4.000000000000000000e+01 0.000000000000000000e+00
2.000000000000000000e+01 -3.000000000000000000e+01 0.000000000000000000e+00
2.000000000000000000e+01 -2.000000000000000000e+01 0.000000000000000000e+00
2.000000000000000000e+01 -1.000000000000000000e+01 0.000000000000000000e+00
2.000000000000000000e+01 0.000000000000000000e+00 0.000000000000000000e+00
2.000000000000000000e+01 1.000000000000000000e+01 0.000000000000000000e+00
2.000000000000000000e+01 2.000000000000000000e+01 0.000000000000000000e+00
2.000000000000000000e+01 3.000000000000000000e+01 0.000000000000000000e+00
2.000000000000000000e+01 4.000000000000000000e+01 0.000000000000000000e+00
2.000000000000000000e+01 5.000000000000000000e+01 0.000000000000000000e+00
2.000000000000000000e+01 6.000000000000000000e+01 0.000000000000000000e+00
2.000000000000000000e+01 7.000000000000000000e+01 0.000000000000000000e+00
2.000000000000000000e+01 8.000000000000000000e+01 0.000000000000000000e+00
2.000000000000000000e+01 9.000000000000000000e+01 0.000000000000000000e+00
2.000000000000000000e+01 1.000000000000000000e+02 0.000000000000000000e+00
2.000000000000000000e+01 1.100000000000000000e+02 0.000000000000000000e+00
2.000000000000000000e+01 1.200000000000000000e+02 0.000000000000000000e+00
2.000000000000000000e+01 1.300000000000000000e+02 0.000000000000000000e+00
2.000000000000000000e+01 1.400000000000000000e+02 0.000000000000000000e+00
2.000000000000000000e+01 1.500000000000000000e+02 0.000000000000000000e+00
2.000000000000000000e+01 1.600000000000000000e+02 0.000000000000000000e+00
2.000000000000000000e+01 1.700000000000000000e+02 0.000000000000000000e+00
2.000000000000000000e+01 1.800000000000000000e+02 0.000000000000000000e+00
3.000000000000000000e+01 -1.800000000000000000e+02 0.000000000000000000e+00
3.000000000000000000e+01 -1.700000000000000000e+02 0.000000000000000000e+00
3.000000000000000000e+01 -1.600000000000000000e+02 0.000000000000000000e+00
3.000000000000000000e+01 -1.500000000000000000e+02 0.000000000000000000e+00
3.000000000000000000e+01 -1.400000000000000000e+02 0.000000000000000000e+00
3.000000000000000000e+01 -1.300000000000000000e+02 0.000000000000000000e+00
3.000000000000000000e+01 -1.200000000000000000e+02 0.000000000000000000e+00
3.000000000000000000e+01 -1.100000000000000000e+02 0.000000000000000000e+00
3.000000000000000000e+01 -1.000000000000000000e+02 0.000000000000000000e+00
3.000000000000000000e+01 -9.000000000000000000e+01 0.000000000000000000e+00
3.000000000000000000e+01 -8.000000000000000000e+01 7.648800000000000043e-02
3.000000000000000000e+01 -7.000000000000000000e+01 2.804159999999999986e-01
3.000000000000000000e+01 -6.000000000000000000e+01 3.031000000000000014e-02
3.000000000000000000e+01 -5.000000000000000000e+01 0.000000000000000000e+00
3.000000000000000000e+01 -4.000000000000000000e+01 0.000000000000000000e+00
3.000000000000000000e+01 -3.000000000000000000e+01 0.000000000000000000e+00
3.000000000000000000e+01 -2.000000000000000000e+01 0.000000000000000000e+00
3.000000000000000000e+01 -1.000000000000000000e+01 0.000000000000000000e+00
3.000000000000000000e+01 0.000000000000000000e+00 0.000000000000000000e+00
3.000000000000000000e+01 1.000000000000000000e+01 0.000000000000000000e+00
3.000000000000000000e+01 2.000000000000000000e+01 0.000000000000000000e+00
3.000000000000000000e+01 3.000000000000000000e+01 0.000000000000000000e+00
3.000000000000000000e+01 4.000000000000000000e+01 0.000000000000000000e+00
3.000000000000000000e+01 5.000000000000000000e+01 0.000000000000000000e+00
3.000000000000000000e+01 6.000000000000000000e+01 0.000000000000000000e+00
3.000000000000000000e+01 7.000000000000000000e+01 0.000000000000000000e+00
3.000000000000000000e+01 8.000000000000000000e+01 0.000000000000000000e+00
3.000000000000000000e+01 9.000000000000000000e+01 0.000000000000000000e+00
3.000000000000000000e+01 1.000000000000000000e+02 0.000000000000000000e+00
3.000000000000000000e+01 1.100000000000000000e+02 0.000000000000000000e+00
3.000000000000000000e+01 1.200000000000000000e+02 0.000000000000000000e+00
3.000000000000000000e+01 1.300000000000000000e+02 0.000000000000000000e+00
3.000000000000000000e+01 1.400000000000000000e+02 0.000000000000000000e+00
3.000000000000000000e+01 1.500000000000000000e+02 0.000000000000000000e+00
3.000000000000000000e+01 1.600000000000000000e+02 0.000000000000000000e+00
3.000000000000000000e+01 1.700000000000000000e+02 0.000000000000000000e+00
3.000000000000000000e+01 1.800000000000000000e+02 0.000000000000000000e+00
4.000000000000000000e+01 -1.800000000000000000e+02 0.000000000000000000e+00
4.000000000000000000e+01 -1.700000000000000000e+02 0.000000000000000000e+00
4.000000000000000000e+01 -1.600000000000000000e+02 0.000000000000000000e+00
4.000000000000000000e+01 -1.500000000000000000e+02 0.000000000000000000e+00
4.000000000000000000e+01 -1.400000000000000000e+02 0.000000000000000000e+00
4.000000000000000000e+01 -1.300000000000000000e+02 0.000000000000000000e+00
4.000000000000000000e+01 -1.200000000000000000e+02 0.000000000000000000e+00
4.000000000000000000e+01 -1.100000000000000000e+02 0.000000000000000000e+00
4.000000000000000000e+01 -1.000000000000000000e+02 0.000000000000000000e+00
4.000000000000000000e+01 -9.000000000000000000e+01 0.000000000000000000e+00
4.000000000000000000e+01 -8.000000000000000000e+01 0.000000000000000000e+00
4.000000000000000000e+01 -7.000000000000000000e+01 2.826800000000000146e-02
4.000000000000000000e+01 -6.000000000000000000e+01 0.000000000000000000e+00
4.000000000000000000e+01 -5.000000000000000000e+01 0.000000000000000000e+00
4.000000000000000000e+01 -4.000000000000000000e+01 0.000000000000000000e+00
4.000000000000000000e+01 -3.000000000000000000e+01 0.000000000000000000e+00
4.000000000000000000e+01 -2.000000000000000000e+01 0.000000000000000000e+00
4.000000000000000000e+01 -1.000000000000000000e+01 0.000000000000000000e+00
4.000000000000000000e+01 0.000000000000000000e+00 0.000000000000000000e+00
4.000000000000000000e+01 1.000000000000000000e+01 0.000000000000000000e+00
4.000000000000000000e+01 2.000000000000000000e+01 0.000000000000000000e+00
4.000000000000000000e+01 3.000000000000000000e+01 0.000000000000000000e+00
4.000000000000000000e+01 4.000000000000000000e+01 0.000000000000000000e+00
4.000000000000000000e+01 5.000000000000000000e+01 0.000000000000000000e+00
4.000000000000000000e+01 6.000000000000000000e+01 0.000000000000000000e+00
4.000000000000000000e+01 7.000000000000000000e+01 0.000000000000000000e+00
4.000000000000000000e+01 8.000000000000000000e+01 0.000000000000000000e+00
4.000000000000000000e+01 9.000000000000000000e+01 0.000000000000000000e+00
4.000000000000000000e+01 1.000000000000000000e+02 0.000000000000000000e+00
4.000000000000000000e+01 1.100000000000000000e+02 0.000000000000000000e+00
4.000000000000000000e+01 1.200000000000000000e+02 0.000000000000000000e+00
4.000000000000000000e+01 1.300000000000000000e+02 0.000000000000000000e+00
4.000000000000000000e+01 1.400000000000000000e+02 0.000000000000000000e+00
4.000000000000000000e+01 1.500000000000000000e+02 0.000000000000000000e+00
4.000000000000000000e+01 1.600000000000000000e+02 0.000000000000000000e+00
4.000000000000000000e+01 1.700000000000000000e+02 0.000000000000000000e+00
4.000000000000000000e+01 1.800000000000000000e+02 0.000000000000000000e+00
5.000000000000000000e+01 -1.800000000000000000e+02 0.000000000000000000e+00
5.000000000000000000e+01 -1.700000000000000000e+02 0.000000000000000000e+00
5.000000000000000000e+01 -1.600000000000000000e+02 0.000000000000000000e+00
5.000000000000000000e+01 -1.500000000000000000e+02 0.000000000000000000e+00
5.000000000000000000e+01 -1.400000000000000000e+02 0.000000000000000000e+00
5.000000000000000000e+01 -1.300000000000000000e+02 0.000000000000000000e+00
5.000000000000000000e+01 -1.200000000000000000e+02 0.000000000000000000e+00
5.000000000000000000e+01 -1.100000000000000000e+02 0.000000000000000000e+00
5.000000000000000000e+01 -1.000000000000000000e+02 0.000000000000000000e+00
5.000000000000000000e+01 -9.000000000000000000e+01 0.000000000000000000e+00
5.000000000000000000e+01 -8.000000000000000000e+01 0.000000000000000000e+00
5.000000000000000000e+01 -7.000000000000000000e+01 1.651299999999999990e-02
5.000000000000000000e+01 -6.000000000000000000e+01 0.000000000000000000e+00
5.000000000000000000e+01 -5.000000000000000000e+01 0.000000000000000000e+00
5.000000000000000000e+01 -4.000000000000000000e+01 0.000000000000000000e+00
5.000000000000000000e+01 -3.000000000000000000e+01 0.000000000000000000e+00
5.000000000000000000e+01 -2.000000000000000000e+01 0.000000000000000000e+00
5.000000000000000000e+01 -1.000000000000000000e+01 0.000000000000000000e+00
5.000000000000000000e+01 0.000000000000000000e+00 0.000000000000000000e+00
5.000000000000000000e+01 1.000000000000000000e+01 0.000000000000000000e+00
5.000000000000000000e+01 2.000000000000000000e+01 0.000000000000000000e+00
5.000000000000000000e+01 3.000000000000000000e+01 0.000000000000000000e+00
5.000000000000000000e+01 4.000000000000000000e+01 0.000000000000000000e+00
5.000000000000000000e+01 5.000000000000000000e+01 0.000000000000000000e+00
5.000000000000000000e+01 6.000000000000000000e+01 0.000000000000000000e+00
5.000000000000000000e+01 7.000000000000000000e+01 0.000000000000000000e+00
5.000000000000000000e+01 8.000000000000000000e+01 0.000000000000000000e+00
5.000000000000000000e+01 9.000000000000000000e+01 0.000000000000000000e+00
5.000000000000000000e+01 1.000000000000000000e+02 0.000000000000000000e+00
5.000000000000000000e+01 1.100000000000000000e+02 0.000000000000000000e+00
5.000000000000000000e+01 1.200000000000000000e+02 0.000000000000000000e+00
5.000000000000000000e+01 1.300000000000000000e+02 0.000000000000000000e+00
5.000000000000000000e+01 1.400000000000000000e+02 0.000000000000000000e+00
5.000000000000000000e+01 1.500000000000000000e+02 0.000000000000000000e+00
5.000000000000000000e+01 1.600000000000000000e+02 0.000000000000000000e+00
5.000000000000000000e+01 1.700000000000000000e+02 0.000000000000000000e+00
5.000000000000000000e+01 1.800000000000000000e+02 0.000000000000000000e+00
6.000000000000000000e+01 -1.800000000000000000e+02 0.000000000000000000e+00
6.000000000000000000e+01 -1.700000000000000000e+02 0.000000000000000000e+00
6.000000000000000000e+01 -1.600000000000000000e+02 0.000000000000000000e+00
6.000000000000000000e+01 -1.500000000000000000e+02 0.000000000000000000e+00
6.000000000000000000e+01 -1.400000000000000000e+02 0.000000000000000000e+00
6.000000000000000000e+01 -1.300000000000000000e+02 0.000000000000000000e+00
6.000000000000000000e+01 -1.200000000000000000e+02 0.000000000000000000e+00
6.000000000000000000e+01 -1.100000000000000000e+02 0.000000000000000000e+00
6.000000000000000000e+01 -1.000000000000000000e+02 0.000000000000000000e+00
6.000000000000000000e+01 -9.000000000000000000e+01 0.000000000000000000e+00
6.000000000000000000e+01 -8.000000000000000000e+01 0.000000000000000000e+00
6.000000000000000000e+01 -7.000000000000000000e+01 0.000000000000000000e+00
6.000000000000000000e+01 -6.000000000000000000e+01 0.000000000000000000e+00
6.000000000000000000e+01 -5.000000000000000000e+01 0.000000000000000000e+00
6.000000000000000000e+01 -4.000000000000000000e+01 0.000000000000000000e+00
6.000000000000000000e+01 -3.000000000000000000e+01 0.000000000000000000e+00
6.000000000000000000e+01 -2.000000000000000000e+01 0.000000000000000000e+00
6.000000000000000000e+01 -1.000000000000000000e+01 0.000000000000000000e+00
6.000000000000000000e+01 0.000000000000000000e+00 0.000000000000000000e+00
6.000000000000000000e+01 1.000000000000000000e+01 0.000000000000000000e+00
6.000000000000000000e+01 2.000000000000000000e+01 0.000000000000000000e+00
6.000000000000000000e+01 3.000000000000000000e+01 0.000000000000000000e+00
6.000000000000000000e+01 4.000000000000000000e+01 0.000000000000000000e+00
6.000000000000000000e+01 5.000000000000000000e+01 0.000000000000000000e+00
6.000000000000000000e+01 6.000000000000000000e+01 0.000000000000000000e+00
6.000000000000000000e+01 7.000000000000000000e+01 0.000000000000000000e+00
6.000000000000000000e+01 8.000000000000000000e+01 0.000000000000000000e+00
6.000000000000000000e+01 9.000000000000000000e+01 0.000000000000000000e+00
6.000000000000000000e+01 1.000000000000000000e+02 0.000000000000000000e+00
6.000000000000000000e+01 1.100000000000000000e+02 0.000000000000000000e+00
6.000000000000000000e+01 1.200000000000000000e+02 0.000000000000000000e+00
6.000000000000000000e+01 1.300000000000000000e+02 0.000000000000000000e+00
6.000000000000000000e+01 1.400000000000000000e+02 0.000000000000000000e+00
6.000000000000000000e+01 1.500000000000000000e+02 0.000000000000000000e+00
6.000000000000000000e+01 1.600000000000000000e+02 0.000000000000000000e+00
6.000000000000000000e+01 1.700000000000000000e+02 0.000000000000000000e+00
6.000000000000000000e+01 1.800000000000000000e+02 0.000000000000000000e+00
7.000000000000000000e+01 -1.800000000000000000e+02 0.000000000000000000e+00
7.000000000000000000e+01 -1.700000000000000000e+02 0.000000000000000000e+00
7.000000000000000000e+01 -1.600000000000000000e+02 0.000000000000000000e+00
7.000000000000000000e+01 -1.500000000000000000e+02 0.000000000000000000e+00
7.000000000000000000e+01 -1.400000000000000000e+02 0.000000000000000000e+00
7.000000000000000000e+01 -1.300000000000000000e+02 0.000000000000000000e+00
7.000000000000000000e+01 -1.200000000000000000e+02 0.000000000000000000e+00
7.000000000000000000e+01 -1.100000000000000000e+02 0.000000000000000000e+00
7.000000000000000000e+01 -1.000000000000000000e+02 0.000000000000000000e+00
7.000000000000000000e+01 -9.000000000000000000e+01 0.000000000000000000e+00
7.000000000000000000e+01 -8.000000000000000000e+01 0.000000000000000000e+00
7.000000000000000000e+01 -7.000000000000000000e+01 7.019000000000000065e-03
7.000000000000000000e+01 -6.000000000000000000e+01 0.000000000000000000e+00
7.000000000000000000e+01 -5.000000000000000000e+01 0.000000000000000000e+00
7.000000000000000000e+01 -4.000000000000000000e+01 0.000000000000000000e+00
7.000000000000000000e+01 -3.000000000000000000e+01 0.000000000000000000e+00
7.000000000000000000e+01 -2.000000000000000000e+01 0.000000000000000000e+00
7.000000000000000000e+01 -1.000000000000000000e+01 0.000000000000000000e+00
7.000000000000000000e+01 0.000000000000000000e+00 0.000000000000000000e+00
7.000000000000000000e+01 1.000000000000000000e+01 0.000000000000000000e+00
7.000000000000000000e+01 2.000000000000000000e+01 0.000000000000000000e+00
7.000000000000000000e+01 3.000000000000000000e+01 0.000000000000000000e+00
7.000000000000000000e+01 4.000000000000000000e+01 0.000000000000000000e+00
7.000000000000000000e+01 5.000000000000000000e+01 0.000000000000000000e+00
7.000000000000000000e+01 6.000000000000000000e+01 0.000000000000000000e+00
7.000000000000000000e+01 7.000000000000000000e+01 0.000000000000000000e+00
7.000000000000000000e+01 8.000000000000000000e+01 0.000000000000000000e+00
7.000000000000000000e+01 9.000000000000000000e+01 0.000000000000000000e+00
7.000000000000000000e+01 1.000000000000000000e+02 0.000000000000000000e+00
7.000000000000000000e+01 1.100000000000000000e+02 0.000000000000000000e+00
7.000000000000000000e+01 1.200000000000000000e+02 0.000000000000000000e+00
7.000000000000000000e+01 1.300000000000000000e+02 0.000000000000000000e+00
7.000000000000000000e+01 1.400000000000000000e+02 0.000000000000000000e+00
7.000000000000000000e+01 1.500000000000000000e+02 0.000000000000000000e+00
7.000000000000000000e+01 1.600000000000000000e+02 0.000000000000000000e+00
7.000000000000000000e+01 1.700000000000000000e+02 0.000000000000000000e+00
7.000000000000000000e+01 1.800000000000000000e+02 0.000000000000000000e+00
8.000000000000000000e+01 -1.800000000000000000e+02 0.000000000000000000e+00
8.000000000000000000e+01 -1.700000000000000000e+02 0.000000000000000000e+00
8.000000000000000000e+01 -1.600000000000000000e+02 0.000000000000000000e+00
8.000000000000000000e+01 -1.500000000000000000e+02 0.000000000000000000e+00
8.000000000000000000e+01 -1.400000000000000000e+02 0.000000000000000000e+00
8.000000000000000000e+01 -1.300000000000000000e+02 0.000000000000000000e+00
8.000000000000000000e+01 -1.200000000000000000e+02 0.000000000000000000e+00
8.000000000000000000e+01 -1.100000000000000000e+02 0.000000000000000000e+00
8.000000000000000000e+01 -1.000000000000000000e+02 0.000000000000000000e+00
8.000000000000000000e+01 -9.000000000000000000e+01 0.000000000000000000e+00
8.000000000000000000e+01 -8.000000000000000000e+01 0.000000000000000000e+00
8.000000000000000000e+01 -7.000000000000000000e+01 0.000000000000000000e+00
8.000000000000000000e+01 -6.000000000000000000e+01 0.000000000000000000e+00
8.000000000000000000e+01 -5.000000000000000000e+01 0.000000000000000000e+00
8.000000000000000000e+01 -4.000000000000000000e+01 0.000000000000000000e+00
8.000000000000000000e+01 -3.000000000000000000e+01 0.000000000000000000e+00
8.000000000000000000e+01 -2.000000000000000000e+01 0.000000000000000000e+00
8.000000000000000000e+01 -1.000000000000000000e+01 0.000000000000000000e+00
8.000000000000000000e+01 0.000000000000000000e+00 0.000000000000000000e+00
8.000000000000000000e+01 1.000000000000000000e+01 0.000000000000000000e+00
8.000000000000000000e+01 2.000000000000000000e+01 0.000000000000000000e+00
8.000000000000000000e+01 3.000000000000000000e+01 0.000000000000000000e+00
8.000000000000000000e+01 4.000000000000000000e+01 0.000000000000000000e+00
8.000000000000000000e+01 5.000000000000000000e+01 0.000000000000000000e+00
8.000000000000000000e+01 6.000000000000000000e+01 0.000000000000000000e+00
8.000000000000000000e+01 7.000000000000000000e+01 0.000000000000000000e+00
8.000000000000000000e+01 8.000000000000000000e+01 0.000000000000000000e+00
8.000000000000000000e+01 9.000000000000000000e+01 0.000000000000000000e+00
8.000000000000000000e+01 1.000000000000000000e+02 0.000000000000000000e+00
8.000000000000000000e+01 1.100000000000000000e+02 0.000000000000000000e+00
8.000000000000000000e+01 1.200000000000000000e+02 0.000000000000000000e+00
8.000000000000000000e+01 1.300000000000000000e+02 0.000000000000000000e+00
8.000000000000000000e+01 1.400000000000000000e+02 0.000000000000000000e+00
8.000000000000000000e+01 1.500000000000000000e+02 0.000000000000000000e+00
8.000000000000000000e+01 1.600000000000000000e+02 0.000000000000000000e+00
8.000000000000000000e+01 1.700000000000000000e+02 0.000000000000000000e+00
8.000000000000000000e+01 1.800000000000000000e+02 0.000000000000000000e+00
9.000000000000000000e+01 -1.800000000000000000e+02 0.000000000000000000e+00
9.000000000000000000e+01 -1.700000000000000000e+02 0.000000000000000000e+00
9.000000000000000000e+01 -1.600000000000000000e+02 0.000000000000000000e+00
9.000000000000000000e+01 -1.500000000000000000e+02 0.000000000000000000e+00
9.000000000000000000e+01 -1.400000000000000000e+02 0.000000000000000000e+00
9.000000000000000000e+01 -1.300000000000000000e+02 0.000000000000000000e+00
9.000000000000000000e+01 -1.200000000000000000e+02 0.000000000000000000e+00
9.000000000000000000e+01 -1.100000000000000000e+02 0.000000000000000000e+00
9.000000000000000000e+01 -1.000000000000000000e+02 0.000000000000000000e+00
9.000000000000000000e+01 -9.000000000000000000e+01 0.000000000000000000e+00
9.000000000000000000e+01 -8.000000000000000000e+01 0.000000000000000000e+00
9.000000000000000000e+01 -7.000000000000000000e+01 0.000000000000000000e+00
9.000000000000000000e+01 -6.000000000000000000e+01 0.000000000000000000e+00
9.000000000000000000e+01 -5.000000000000000000e+01 0.000000000000000000e+00
9.000000000000000000e+01 -4.000000000000000000e+01 0.000000000000000000e+00
9.000000000000000000e+01 -3.000000000000000000e+01 0.000000000000000000e+00
9.000000000000000000e+01 -2.000000000000000000e+01 0.000000000000000000e+00
9.000000000000000000e+01 -1.000000000000000000e+01 0.000000000000000000e+00
9.000000000000000000e+01 0.000000000000000000e+00 0.000000000000000000e+00
9.000000000000000000e+01 1.000000000000000000e+01 0.000000000000000000e+00
9.000000000000000000e+01 2.000000000000000000e+01 0.000000000000000000e+00
9.000000000000000000e+01 3.000000000000000000e+01 0.000000000000000000e+00
9.000000000000000000e+01 4.000000000000000000e+01 0.000000000000000000e+00
9.000000000000000000e+01 5.000000000000000000e+01 0.000000000000000000e+00
9.000000000000000000e+01 6.000000000000000000e+01 0.000000000000000000e+00
9.000000000000000000e+01 7.000000000000000000e+01 0.000000000000000000e+00
9.000000000000000000e+01 8.000000000000000000e+01 0.000000000000000000e+00
9.000000000000000000e+01 9.000000000000000000e+01 0.000000000000000000e+00
9.000000000000000000e+01 1.000000000000000000e+02 0.000000000000000000e+00
9.000000000000000000e+01 1.100000000000000000e+02 0.000000000000000000e+00
9.000000000000000000e+01 1.200000000000000000e+02 0.000000000000000000e+00
9.000000000000000000e+01 1.300000000000000000e+02 0.000000000000000000e+00
9.000000000000000000e+01 1.400000000000000000e+02 0.000000000000000000e+00
9.000000000000000000e+01 1.500000000000000000e+02 0.000000000000000000e+00
9.000000000000000000e+01 1.600000000000000000e+02 0.000000000000000000e+00
9.000000000000000000e+01 1.700000000000000000e+02 0.000000000000000000e+00
9.000000000000000000e+01 1.800000000000000000e+02 0.000000000000000000e+00
1.000000000000000000e+02 -1.800000000000000000e+02 0.000000000000000000e+00
1.000000000000000000e+02 -1.700000000000000000e+02 0.000000000000000000e+00
1.000000000000000000e+02 -1.600000000000000000e+02 0.000000000000000000e+00
1.000000000000000000e+02 -1.500000000000000000e+02 0.000000000000000000e+00
1.000000000000000000e+02 -1.400000000000000000e+02 0.000000000000000000e+00
1.000000000000000000e+02 -1.300000000000000000e+02 0.000000000000000000e+00
1.000000000000000000e+02 -1.200000000000000000e+02 0.000000000000000000e+00
1.000000000000000000e+02 -1.100000000000000000e+02 0.000000000000000000e+00
1.000000000000000000e+02 -1.000000000000000000e+02 0.000000000000000000e+00
1.000000000000000000e+02 -9.000000000000000000e+01 0.000000000000000000e+00
1.000000000000000000e+02 -8.000000000000000000e+01 0.000000000000000000e+00
1.000000000000000000e+02 -7.000000000000000000e+01 0.000000000000000000e+00
1.000000000000000000e+02 -6.000000000000000000e+01 0.000000000000000000e+00
1.000000000000000000e+02 -5.000000000000000000e+01 0.000000000000000000e+00
1.000000000000000000e+02 -4.000000000000000000e+01 0.000000000000000000e+00
1.000000000000000000e+02 -3.000000000000000000e+01 0.000000000000000000e+00
1.000000000000000000e+02 -2.000000000000000000e+01 0.000000000000000000e+00
1.000000000000000000e+02 -1.000000000000000000e+01 0.000000000000000000e+00
1.000000000000000000e+02 0.000000000000000000e+00 0.000000000000000000e+00
1.000000000000000000e+02 1.000000000000000000e+01 0.000000000000000000e+00
1.000000000000000000e+02 2.000000000000000000e+01 0.000000000000000000e+00
1.000000000000000000e+02 3.000000000000000000e+01 0.000000000000000000e+00
1.000000000000000000e+02 4.000000000000000000e+01 0.000000000000000000e+00
1.000000000000000000e+02 5.000000000000000000e+01 0.000000000000000000e+00
1.000000000000000000e+02 6.000000000000000000e+01 0.000000000000000000e+00
1.000000000000000000e+02 7.000000000000000000e+01 0.000000000000000000e+00
1.000000000000000000e+02 8.000000000000000000e+01 0.000000000000000000e+00
1.000000000000000000e+02 9.000000000000000000e+01 0.000000000000000000e+00
1.000000000000000000e+02 1.000000000000000000e+02 0.000000000000000000e+00
1.000000000000000000e+02 1.100000000000000000e+02 0.000000000000000000e+00
1.000000000000000000e+02 1.200000000000000000e+02 0.000000000000000000e+00
1.000000000000000000e+02 1.300000000000000000e+02 0.000000000000000000e+00
1.000000000000000000e+02 1.400000000000000000e+02 0.000000000000000000e+00
1.000000000000000000e+02 1.500000000000000000e+02 0.000000000000000000e+00
1.000000000000000000e+02 1.600000000000000000e+02 0.000000000000000000e+00
1.000000000000000000e+02 1.700000000000000000e+02 0.000000000000000000e+00
1.000000000000000000e+02 1.800000000000000000e+02 0.000000000000000000e+00
1.100000000000000000e+02 -1.800000000000000000e+02 0.000000000000000000e+00
1.100000000000000000e+02 -1.700000000000000000e+02 0.000000000000000000e+00
1.100000000000000000e+02 -1.600000000000000000e+02 0.000000000000000000e+00
1.100000000000000000e+02 -1.500000000000000000e+02 0.000000000000000000e+00
1.100000000000000000e+02 -1.400000000000000000e+02 0.000000000000000000e+00
1.100000000000000000e+02 -1.300000000000000000e+02 0.000000000000000000e+00
1.100000000000000000e+02 -1.200000000000000000e+02 0.000000000000000000e+00
1.100000000000000000e+02 -1.100000000000000000e+02 0.000000000000000000e+00
1.100000000000000000e+02 -1.000000000000000000e+02 0.000000000000000000e+00
1.100000000000000000e+02 -9.000000000000000000e+01 0.000000000000000000e+00
1.100000000000000000e+02 -8.000000000000000000e+01 0.000000000000000000e+00
1.100000000000000000e+02 -7.000000000000000000e+01 0.000000000000000000e+00
1.100000000000000000e+02 -6.000000000000000000e+01 0.000000000000000000e+00
1.100000000000000000e+02 -5.000000000000000000e+01 0.000000000000000000e+00
1.100000000000000000e+02 -4.000000000000000000e+01 0.000000000000000000e+00
1.100000000000000000e+02 -3.000000000000000000e+01 0.000000000000000000e+00
1.100000000000000000e+02 -2.000000000000000000e+01 0.000000000000000000e+00
1.100000000000000000e+02 -1.000000000000000000e+01 0.000000000000000000e+00
1.100000000000000000e+02 0.000000000000000000e+00 0.000000000000000000e+00
1.100000000000000000e+02 1.000000000000000000e+01 0.000000000000000000e+00
1.100000000000000000e+02 2.000000000000000000e+01 0.000000000000000000e+00
1.100000000000000000e+02 3.000000000000000000e+01 0.000000000000000000e+00
1.100000000000000000e+02 4.000000000000000000e+01 0.000000000000000000e+00
1.100000000000000000e+02 5.000000000000000000e+01 0.000000000000000000e+00
1.100000000000000000e+02 6.000000000000000000e+01 0.000000000000000000e+00
1.100000000000000000e+02 7.000000000000000000e+01 0.000000000000000000e+00
1.100000000000000000e+02 8.000000000000000000e+01 0.000000000000000000e+00
1.100000000000000000e+02 9.000000000000000000e+01 0.000000000000000000e+00
1.100000000000000000e+02 1.000000000000000000e+02 0.000000000000000000e+00
1.100000000000000000e+02 1.100000000000000000e+02 0.000000000000000000e+00
1.100000000000000000e+02 1.200000000000000000e+02 0.000000000000000000e+00
1.100000000000000000e+02 1.300000000000000000e+02 0.000000000000000000e+00
1.100000000000000000e+02 1.400000000000000000e+02 0.000000000000000000e+00
1.100000000000000000e+02 1.500000000000000000e+02 0.000000000000000000e+00
1.100000000000000000e+02 1.600000000000000000e+02 0.000000000000000000e+00
1.100000000000000000e+02 1.700000000000000000e+02 0.000000000000000000e+00
1.100000000000000000e+02 1.800000000000000000e+02 0.000000000000000000e+00
1.200000000000000000e+02 -1.800000000000000000e+02 0.000000000000000000e+00
1.200000000000000000e+02 -1.700000000000000000e+02 0.000000000000000000e+00
1.200000000000000000e+02 -1.600000000000000000e+02 0.000000000000000000e+00
1.200000000000000000e+02 -1.500000000000000000e+02 0.000000000000000000e+00
1.200000000000000000e+02 -1.400000000000000000e+02 0.000000000000000000e+00
1.200000000000000000e+02 -1.300000000000000000e+02 0.000000000000000000e+00
1.200000000000000000e+02 -1.200000000000000000e+02 0.000000000000000000e+00
1.200000000000000000e+02 -1.100000000000000000e+02 0.000000000000000000e+00
1.200000000000000000e+02 -1.000000000000000000e+02 0.000000000000000000e+00
1.200000000000000000e+02 -9.000000000000000000e+01 0.000000000000000000e+00
1.200000000000000000e+02 -8.000000000000000000e+01 0.000000000000000000e+00
1.200000000000000000e+02 -7.000000000000000000e+01 0.000000000000000000e+00
1.200000000000000000e+02 -6.000000000000000000e+01 0.000000000000000000e+00
1.200000000000000000e+02 -5.000000000000000000e+01 0.000000000000000000e+00
1.200000000000000000e+02 -4.000000000000000000e+01 0.000000000000000000e+00
1.200000000000000000e+02 -3.000000000000000000e+01 0.000000000000000000e+00
1.200000000000000000e+02 -2.000000000000000000e+01 0.000000000000000000e+00
1.200000000000000000e+02 -1.000000000000000000e+01 0.000000000000000000e+00
1.200000000000000000e+02 0.000000000000000000e+00 0.000000000000000000e+00
1.200000000000000000e+02 1.000000000000000000e+01 0.000000000000000000e+00
1.200000000000000000e+02 2.000000000000000000e+01 0.000000000000000000e+00
1.200000000000000000e+02 3.000000000000000000e+01 0.000000000000000000e+00
1.200000000000000000e+02 4.000000000000000000e+01 0.000000000000000000e+00
1.200000000000000000e+02 5.000000000000000000e+01 0.000000000000000000e+00
1.200000000000000000e+02 6.000000000000000000e+01 0.000000000000000000e+00
1.200000000000000000e+02 7.000000000000000000e+01 0.000000000000000000e+00
1.200000000000000000e+02 8.000000000000000000e+01 0.000000000000000000e+00
1.200000000000000000e+02 9.000000000000000000e+01 0.000000000000000000e+00
1.200000000000000000e+02 1.000000000000000000e+02 0.000000000000000000e+00
1.200000000000000000e+02 1.100000000000000000e+02 0.000000000000000000e+00
1.200000000000000000e+02 1.200000000000000000e+02 0.000000000000000000e+00
1.200000000000000000e+02 1.300000000000000000e+02 0.000000000000000000e+00
1.200000000000000000e+02 1.400000000000000000e+02 0.000000000000000000e+00
1.200000000000000000e+02 1.500000000000000000e+02 0.000000000000000000e+00
1.200000000000000000e+02 1.600000000000000000e+02 0.000000000000000000e+00
1.200000000000000000e+02 1.700000000000000000e+02 0.000000000000000000e+00
1.200000000000000000e+02 1.800000000000000000e+02 0.000000000000000000e+00
1.300000000000000000e+02 -1.800000000000000000e+02 0.000000000000000000e+00
1.300000000000000000e+02 -1.700000000000000000e+02 0.000000000000000000e+00
1.300000000000000000e+02 -1.600000000000000000e+02 0.000000000000000000e+00
1.300000000000000000e+02 -1.500000000000000000e+02 0.000000000000000000e+00
1.300000000000000000e+02 -1.400000000000000000e+02 0.000000000000000000e+00
1.300000000000000000e+02 -1.300000000000000000e+02 0.000000000000000000e+00
1.300000000000000000e+02 -1.200000000000000000e+02 0.000000000000000000e+00
1.300000000000000000e+02 -1.100000000000000000e+02 0.000000000000000000e+00
1.300000000000000000e+02 -1.000000000000000000e+02 0.000000000000000000e+00
1.300000000000000000e+02 -9.000000000000000000e+01 0.000000000000000000e+00
1.300000000000000000e+02 -8.000000000000000000e+01 0.000000000000000000e+00
1.300000000000000000e+02 -7.000000000000000000e+01 0.000000000000000000e+00
1.300000000000000000e+02 -6.000000000000000000e+01 0.000000000000000000e+00
1.300000000000000000e+02 -5.000000000000000000e+01 0.000000000000000000e+00
1.300000000000000000e+02 -4.000000000000000000e+01 0.000000000000000000e+00
1.300000000000000000e+02 -3.000000000000000000e+01 0.000000000000000000e+00
1.300000000000000000e+02 -2.000000000000000000e+01 0.000000000000000000e+00
1.300000000000000000e+02 -1.000000000000000000e+01 0.000000000000000000e+00
1.300000000000000000e+02 0.000000000000000000e+00 0.000000000000000000e+00
1.300000000000000000e+02 1.000000000000000000e+01 0.000000000000000000e+00
1.300000000000000000e+02 2.000000000000000000e+01 0.000000000000000000e+00
1.300000000000000000e+02 3.000000000000000000e+01 0.000000000000000000e+00
1.300000000000000000e+02 4.000000000000000000e+01 0.000000000000000000e+00
1.300000000000000000e+02 5.000000000000000000e+01 0.000000000000000000e+00
1.300000000000000000e+02 6.000000000000000000e+01 0.000000000000000000e+00
1.300000000000000000e+02 7.000000000000000000e+01 0.000000000000000000e+00
1.300000000000000000e+02 8.000000000000000000e+01 0.000000000000000000e+00
1.300000000000000000e+02 9.000000000000000000e+01 0.000000000000000000e+00
1.300000000000000000e+02 1.000000000000000000e+02 0.000000000000000000e+00
1.300000000000000000e+02 1.100000000000000000e+02 0.000000000000000000e+00
1.300000000000000000e+02 1.200000000000000000e+02 0.000000000000000000e+00
1.300000000000000000e+02 1.300000000000000000e+02 0.000000000000000000e+00
1.300000000000000000e+02 1.400000000000000000e+02 0.000000000000000000e+00
1.300000000000000000e+02 1.500000000000000000e+02 0.000000000000000000e+00
1.300000000000000000e+02 1.600000000000000000e+02 0.000000000000000000e+00
1.300000000000000000e+02 1.700000000000000000e+02 0.000000000000000000e+00
1.300000000000000000e+02 1.800000000000000000e+02 0.000000000000000000e+00
1.400000000000000000e+02 -1.800000000000000000e+02 0.000000000000000000e+00
1.400000000000000000e+02 -1.700000000000000000e+02 0.000000000000000000e+00
1.400000000000000000e+02 -1.600000000000000000e+02 0.000000000000000000e+00
1.400000000000000000e+02 -1.500000000000000000e+02 0.000000000000000000e+00
1.400000000000000000e+02 -1.400000000000000000e+02 0.000000000000000000e+00
1.400000000000000000e+02 -1.300000000000000000e+02 0.000000000000000000e+00
1.400000000000000000e+02 -1.200000000000000000e+02 0.000000000000000000e+00
1.400000000000000000e+02 -1.100000000000000000e+02 0.000000000000000000e+00
1.400000000000000000e+02 -1.000000000000000000e+02 0.000000000000000000e+00
1.400000000000000000e+02 -9.000000000000000000e+01 0.000000000000000000e+00
1.400000000000000000e+02 -8.000000000000000000e+01 0.000000000000000000e+00
1.400000000000000000e+02 -7.000000000000000000e+01 0.000000000000000000e+00
1.400000000000000000e+02 -6.000000000000000000e+01 0.000000000000000000e+00
1.400000000000000000e+02 -5.000000000000000000e+01 0.000000000000000000e+00
1.400000000000000000e+02 -4.000000000000000000e+01 0.000000000000000000e+00
1.400000000000000000e+02 -3.000000000000000000e+01 0.000000000000000000e+00
1.400000000000000000e+02 -2.000000000000000000e+01 0.000000000000000000e+00
1.400000000000000000e+02 -1.000000000000000000e+01 0.000000000000000000e+00
1.400000000000000000e+02 0.000000000000000000e+00 0.000000000000000000e+00
1.400000000000000000e+02 1.000000000000000000e+01 0.000000000000000000e+00
1.400000000000000000e+02 2.000000000000000000e+01 0.000000000000000000e+00
1.400000000000000000e+02 3.000000000000000000e+01 0.000000000000000000e+00
1.400000000000000000e+02 4.000000000000000000e+01 0.000000000000000000e+00
1.400000000000000000e+02 5.000000000000000000e+01 0.000000000000000000e+00
1.400000000000000000e+02 6.000000000000000000e+01 0.000000000000000000e+00
1.400000000000000000e+02 7.000000000000000000e+01 0.000000000000000000e+00
1.400000000000000000e+02 8.000000000000000000e+01 0.000000000000000000e+00
1.400000000000000000e+02 9.000000000000000000e+01 0.000000000000000000e+00
1.400000000000000000e+02 1.000000000000000000e+02 0.000000000000000000e+00
1.400000000000000000e+02 1.100000000000000000e+02 0.000000000000000000e+00
1.400000000000000000e+02 1.200000000000000000e+02 0.000000000000000000e+00
1.400000000000000000e+02 1.300000000000000000e+02 0.000000000000000000e+00
1.400000000000000000e+02 1.400000000000000000e+02 0.000000000000000000e+00
1.400000000000000000e+02 1.500000000000000000e+02 0.000000000000000000e+00
1.400000000000000000e+02 1.600000000000000000e+02 0.000000000000000000e+00
1.400000000000000000e+02 1.700000000000000000e+02 0.000000000000000000e+00
1.400000000000000000e+02 1.800000000000000000e+02 0.000000000000000000e+00
1.500000000000000000e+02 -1.800000000000000000e+02 0.000000000000000000e+00
1.500000000000000000e+02 -1.700000000000000000e+02 0.000000000000000000e+00
1.500000000000000000e+02 -1.600000000000000000e+02 0.000000000000000000e+00
1.500000000000000000e+02 -1.500000000000000000e+02 0.000000000000000000e+00
1.500000000000000000e+02 -1.400000000000000000e+02 0.000000000000000000e+00
1.500000000000000000e+02 -1.300000000000000000e+02 0.000000000000000000e+00
1.500000000000000000e+02 -1.200000000000000000e+02 0.000000000000000000e+00
1.500000000000000000e+02 -1.100000000000000000e+02 0.000000000000000000e+00
1.500000000000000000e+02 -1.000000000000000000e+02 0.000000000000000000e+00
1.500000000000000000e+02 -9.000000000000000000e+01 0.000000000000000000e+00
1.500000000000000000e+02 -8.000000000000000000e+01 0.000000000000000000e+00
1.500000000000000000e+02 -7.000000000000000000e+01 0.000000000000000000e+00
1.500000000000000000e+02 -6.000000000000000000e+01 0.000000000000000000e+00
1.500000000000000000e+02 -5.000000000000000000e+01 0.000000000000000000e+00
1.500000000000000000e+02 -4.000000000000000000e+01 0.000000000000000000e+00
1.500000000000000000e+02 -3.000000000000000000e+01 0.000000000000000000e+00
1.500000000000000000e+02 -2.000000000000000000e+01 0.000000000000000000e+00
1.500000000000000000e+02 -1.000000000000000000e+01 0.000000000000000000e+00
1.500000000000000000e+02 0.000000000000000000e+00 0.000000000000000000e+00
1.500000000000000000e+02 1.000000000000000000e+01 0.000000000000000000e+00
1.500000000000000000e+02 2.000000000000000000e+01 0.000000000000000000e+00
1.500000000000000000e+02 3.000000000000000000e+01 0.000000000000000000e+00
1.500000000000000000e+02 4.000000000000000000e+01 0.000000000000000000e+00
1.500000000000000000e+02 5.000000000000000000e+01 0.000000000000000000e+00
1.500000000000000000e+02 6.000000000000000000e+01 0.000000000000000000e+00
1.500000000000000000e+02 7.000000000000000000e+01 0.000000000000000000e+00
1.500000000000000000e+02 8.000000000000000000e+01 0.000000000000000000e+00
1.500000000000000000e+02 9.000000000000000000e+01 0.000000000000000000e+00
1.500000000000000000e+02 1.000000000000000000e+02 0.000000000000000000e+00
1.500000000000000000e+02 1.100000000000000000e+02 0.000000000000000000e+00
1.500000000000000000e+02 1.200000000000000000e+02 0.000000000000000000e+00
1.500000000000000000e+02 1.300000000000000000e+02 0.000000000000000000e+00
1.500000000000000000e+02 1.400000000000000000e+02 0.000000000000000000e+00
1.500000000000000000e+02 1.500000000000000000e+02 0.000000000000000000e+00
1.500000000000000000e+02 1.600000000000000000e+02 0.000000000000000000e+00
1.500000000000000000e+02 1.700000000000000000e+02 0.000000000000000000e+00
1.500000000000000000e+02 1.800000000000000000e+02 0.000000000000000000e+00
1.600000000000000000e+02 -1.800000000000000000e+02 0.000000000000000000e+00
1.600000000000000000e+02 -1.700000000000000000e+02 0.000000000000000000e+00
1.600000000000000000e+02 -1.600000000000000000e+02 0.000000000000000000e+00
1.600000000000000000e+02 -1.500000000000000000e+02 0.000000000000000000e+00
1.600000000000000000e+02 -1.400000000000000000e+02 0.000000000000000000e+00
1.600000000000000000e+02 -1.300000000000000000e+02 0.000000000000000000e+00
1.600000000000000000e+02 -1.200000000000000000e+02 0.000000000000000000e+00
1.600000000000000000e+02 -1.100000000000000000e+02 0.000000000000000000e+00
1.600000000000000000e+02 -1.000000000000000000e+02 0.000000000000000000e+00
1.600000000000000000e+02 -9.000000000000000000e+01 0.000000000000000000e+00
1.600000000000000000e+02 -8.000000000000000000e+01 0.000000000000000000e+00
1.600000000000000000e+02 -7.000000000000000000e+01 0.000000000000000000e+00
1.600000000000000000e+02 -6.000000000000000000e+01 0.000000000000000000e+00
1.600000000000000000e+02 -5.000000000000000000e+01 0.000000000000000000e+00
1.600000000000000000e+02 -4.000000000000000000e+01 0.000000000000000000e+00
1.600000000000000000e+02 -3.000000000000000000e+01 0.000000000000000000e+00
1.600000000000000000e+02 -2.000000000000000000e+01 0.000000000000000000e+00
1.600000000000000000e+02 -1.000000000000000000e+01 0.000000000000000000e+00
1.600000000000000000e+02 0.000000000000000000e+00 0.000000000000000000e+00
1.600000000000000000e+02 1.000000000000000000e+01 0.000000000000000000e+00
1.600000000000000000e+02 2.000000000000000000e+01 0.000000000000000000e+00
1.600000000000000000e+02 3.000000000000000000e+01 0.000000000000000000e+00
1.600000000000000000e+02 4.000000000000000000e+01 0.000000000000000000e+00
1.600000000000000000e+02 5.000000000000000000e+01 0.000000000000000000e+00
1.600000000000000000e+02 6.000000000000000000e+01 0.000000000000000000e+00
1.600000000000000000e+02 7.000000000000000000e+01 0.000000000000000000e+00
1.600000000000000000e+02 8.000000000000000000e+01 0.000000000000000000e+00
1.600000000000000000e+02 9.000000000000000000e+01 0.000000000000000000e+00
1.600000000000000000e+02 1.000000000000000000e+02 0.000000000000000000e+00
1.600000000000000000e+02 1.100000000000000000e+02 0.000000000000000000e+00
1.600000000000000000e+02 1.200000000000000000e+02 0.000000000000000000e+00
1.600000000000000000e+02 1.300000000000000000e+02 0.000000000000000000e+00
1.600000000000000000e+02 1.400000000000000000e+02 0.000000000000000000e+00
1.600000000000000000e+02 1.500000000000000000e+02 0.000000000000000000e+00
1.600000000000000000e+02 1.600000000000000000e+02 0.000000000000000000e+00
1.600000000000000000e+02 1.700000000000000000e+02 0.000000000000000000e+00
1.600000000000000000e+02 1.800000000000000000e+02 0.000000000000000000e+00
1.700000000000000000e+02 -1.800000000000000000e+02 0.000000000000000000e+00
